# rank |         avg          
#------+----------------------
    1 |  56.0000000000000000
    2 |  64.0000000000000000
    3 |  66.4000000000000000
    4 |  74.4000000000000000
    5 |  78.6000000000000000
    6 |  87.2000000000000000
    7 |  87.2000000000000000
    8 |  87.8000000000000000
    9 |  87.8000000000000000
   10 |  89.8000000000000000
   11 |  92.4000000000000000
   12 |  92.4000000000000000
   13 |  94.0000000000000000
   14 |  94.0000000000000000
   15 |  96.2000000000000000
   16 |  96.2000000000000000
   17 |  96.2000000000000000
   18 |  96.2000000000000000
   19 |  96.2000000000000000
   20 |  96.2000000000000000
   21 |  96.2000000000000000
   22 |  98.6000000000000000
   23 |  98.6000000000000000
   24 |  98.6000000000000000
   25 |  98.6000000000000000
   26 |  98.6000000000000000
   27 |  98.6000000000000000
   28 |  99.2000000000000000
   29 |  99.2000000000000000
   30 |  99.2000000000000000
   31 |  99.2000000000000000
   32 |  99.2000000000000000
   33 |  99.2000000000000000
   34 |  99.2000000000000000
   35 |  99.2000000000000000
   36 |  99.6000000000000000
   37 |  99.6000000000000000
   38 |  99.6000000000000000
   39 |  99.6000000000000000
   40 |  99.6000000000000000
   41 |  99.6000000000000000
   42 |  99.6000000000000000
   43 |  99.6000000000000000
   44 |  99.6000000000000000
   45 |  99.6000000000000000
   46 |  99.6000000000000000
   47 |  99.6000000000000000
   48 |  99.6000000000000000
   49 |  99.6000000000000000
   50 |  99.6000000000000000
   51 |  99.6000000000000000
   52 |  99.6000000000000000
   53 |  99.6000000000000000
   54 |  99.6000000000000000
   55 |  99.6000000000000000
   56 |  99.6000000000000000
   57 |  99.6000000000000000
   58 |  99.6000000000000000
   59 |  99.6000000000000000
   60 |  99.6000000000000000
   61 |  99.6000000000000000
   62 |  99.6000000000000000
   63 |  99.6000000000000000
   64 |  99.6000000000000000
   65 |  99.6000000000000000
   66 |  99.6000000000000000
   67 |  99.6000000000000000
   68 |  99.6000000000000000
   69 |  99.6000000000000000
   70 |  99.6000000000000000
   71 |  99.6000000000000000
   72 |  99.6000000000000000
   73 |  99.6000000000000000
   74 |  99.6000000000000000
   75 |  99.6000000000000000
   76 |  99.6000000000000000
   77 |  99.6000000000000000
   78 |  99.6000000000000000
   79 |  99.6000000000000000
   80 |  99.6000000000000000
   81 |  99.6000000000000000
   82 |  99.6000000000000000
   83 |  99.6000000000000000
   84 |  99.6000000000000000
   85 |  99.6000000000000000
   86 |  99.6000000000000000
   87 |  99.6000000000000000
   88 |  99.6000000000000000
   89 | 100.0000000000000000
   90 | 100.0000000000000000
   91 | 100.0000000000000000
   92 | 100.0000000000000000
   93 | 100.0000000000000000
   94 | 100.0000000000000000
   95 | 100.0000000000000000
   96 | 100.0000000000000000
   97 | 100.0000000000000000
   98 | 100.0000000000000000
   99 | 100.0000000000000000
  100 | 100.0000000000000000
  101 | 100.0000000000000000
  102 | 100.0000000000000000
  103 | 100.0000000000000000
  104 | 100.0000000000000000
  105 | 100.0000000000000000
  106 | 100.0000000000000000
  107 | 100.0000000000000000
  108 | 100.0000000000000000
  109 | 100.0000000000000000
  110 | 100.0000000000000000
  111 | 100.0000000000000000
  112 | 100.0000000000000000
  113 | 100.0000000000000000
  114 | 100.0000000000000000
  115 | 100.0000000000000000
  116 | 100.0000000000000000
  117 | 100.0000000000000000
  118 | 100.0000000000000000
  119 | 100.0000000000000000
  120 | 100.0000000000000000
  121 | 100.0000000000000000
  122 | 100.0000000000000000
  123 | 100.0000000000000000
  124 | 100.0000000000000000
  125 | 100.0000000000000000
  126 | 100.0000000000000000
  127 | 100.0000000000000000
  128 | 100.0000000000000000
  129 | 100.0000000000000000
  130 | 100.0000000000000000
  131 | 100.0000000000000000
  132 | 100.0000000000000000
  133 | 100.0000000000000000
  134 | 100.0000000000000000
  135 | 100.0000000000000000
  136 | 100.0000000000000000
  137 | 100.0000000000000000
  138 | 100.0000000000000000
  139 | 100.0000000000000000
  140 | 100.0000000000000000
  141 | 100.0000000000000000
  142 | 100.0000000000000000
  143 | 100.0000000000000000
  144 | 100.0000000000000000
  145 | 100.0000000000000000
  146 | 100.0000000000000000
  147 | 100.0000000000000000
  148 | 100.0000000000000000
  149 | 100.0000000000000000
  150 | 100.0000000000000000
  151 | 100.0000000000000000
  152 | 100.0000000000000000
  153 | 100.0000000000000000
  154 | 100.0000000000000000
  155 | 100.0000000000000000
  156 | 100.0000000000000000
  157 | 100.0000000000000000
  158 | 100.0000000000000000
  159 | 100.0000000000000000
  160 | 100.0000000000000000
  161 | 100.0000000000000000
  162 | 100.0000000000000000
  163 | 100.0000000000000000
  164 | 100.0000000000000000
  165 | 100.0000000000000000
  166 | 100.0000000000000000
  167 | 100.0000000000000000
  168 | 100.0000000000000000
  169 | 100.0000000000000000
  170 | 100.0000000000000000
  171 | 100.0000000000000000
  172 | 100.0000000000000000
  173 | 100.0000000000000000
  174 | 100.0000000000000000
  175 | 100.0000000000000000
  176 | 100.0000000000000000
  177 | 100.0000000000000000
  178 | 100.0000000000000000
  179 | 100.0000000000000000
  180 | 100.0000000000000000
  181 | 100.0000000000000000
  182 | 100.0000000000000000
  183 | 100.0000000000000000
  184 | 100.0000000000000000
  185 | 100.0000000000000000
  186 | 100.0000000000000000
  187 | 100.0000000000000000
  188 | 100.0000000000000000
  189 | 100.0000000000000000
  190 | 100.0000000000000000
  191 | 100.0000000000000000
  192 | 100.0000000000000000
  193 | 100.0000000000000000
  194 | 100.0000000000000000
  195 | 100.0000000000000000
  196 | 100.0000000000000000
  197 | 100.0000000000000000
  198 | 100.0000000000000000
  199 | 100.0000000000000000
  200 | 100.0000000000000000
  201 | 100.0000000000000000
  202 | 100.0000000000000000
  203 | 100.0000000000000000
  204 | 100.0000000000000000
  205 | 100.0000000000000000
  206 | 100.0000000000000000
  207 | 100.0000000000000000
  208 | 100.0000000000000000
  209 | 100.0000000000000000
  210 | 100.0000000000000000
  211 | 100.0000000000000000
  212 | 100.0000000000000000
  213 | 100.0000000000000000
  214 | 100.0000000000000000
  215 | 100.0000000000000000
  216 | 100.0000000000000000
  217 | 100.0000000000000000
  218 | 100.0000000000000000
  219 | 100.0000000000000000
  220 | 100.0000000000000000
  221 | 100.0000000000000000
  222 | 100.0000000000000000
  223 | 100.0000000000000000
  224 | 100.0000000000000000
  225 | 100.0000000000000000
  226 | 100.0000000000000000
  227 | 100.0000000000000000
  228 | 100.0000000000000000
  229 | 100.0000000000000000
  230 | 100.0000000000000000
  231 | 100.0000000000000000
  232 | 100.0000000000000000
  233 | 100.0000000000000000
  234 | 100.0000000000000000
  235 | 100.0000000000000000
  236 | 100.0000000000000000
  237 | 100.0000000000000000
  238 | 100.0000000000000000
  239 | 100.0000000000000000
  240 | 100.0000000000000000
  241 | 100.0000000000000000
  242 | 100.0000000000000000
  243 | 100.0000000000000000
  244 | 100.0000000000000000
  245 | 100.0000000000000000
  246 | 100.0000000000000000
  247 | 100.0000000000000000
  248 | 100.0000000000000000
  249 | 100.0000000000000000
  250 | 100.0000000000000000
  251 | 100.0000000000000000
  252 | 100.0000000000000000
  253 | 100.0000000000000000
  254 | 100.0000000000000000
  255 | 100.0000000000000000
  256 | 100.0000000000000000
  257 | 100.0000000000000000
  258 | 100.0000000000000000
  259 | 100.0000000000000000
  260 | 100.0000000000000000
  261 | 100.0000000000000000
  262 | 100.0000000000000000
  263 | 100.0000000000000000
  264 | 100.0000000000000000
  265 | 100.0000000000000000
  266 | 100.0000000000000000
  267 | 100.0000000000000000
  268 | 100.0000000000000000
  269 | 100.0000000000000000
  270 | 100.0000000000000000
  271 | 100.0000000000000000
  272 | 100.0000000000000000
  273 | 100.0000000000000000
  274 | 100.0000000000000000
  275 | 100.0000000000000000
  276 | 100.0000000000000000
  277 | 100.0000000000000000
  278 | 100.0000000000000000
  279 | 100.0000000000000000
  280 | 100.0000000000000000
  281 | 100.0000000000000000
  282 | 100.0000000000000000
  283 | 100.0000000000000000
  284 | 100.0000000000000000
  285 | 100.0000000000000000
  286 | 100.0000000000000000
  287 | 100.0000000000000000
  288 | 100.0000000000000000
  289 | 100.0000000000000000
  290 | 100.0000000000000000
  291 | 100.0000000000000000
  292 | 100.0000000000000000
  293 | 100.0000000000000000
  294 | 100.0000000000000000
  295 | 100.0000000000000000
  296 | 100.0000000000000000
  297 | 100.0000000000000000
  298 | 100.0000000000000000
  299 | 100.0000000000000000
  300 | 100.0000000000000000
#(300 rows)

