2,0,10,3.876
2,1,10,2.96
2,2,10,3.018
2,3,10,3.071
2,4,10,3.028
2,5,10,3.041
2,6,10,3.026
2,7,10,3.037
2,8,10,3.007
2,9,10,3.025
2,10,10,3.023
2,11,10,3.031
2,12,10,3.07
2,13,10,2.921
2,14,10,2.924
2,15,10,3.032
2,16,10,3.045
2,17,10,3.016
2,18,10,3.027
2,19,10,3.056
3,0,16,4.754
3,1,16,4.573
3,2,16,4.575
3,3,16,4.659
3,4,16,4.547
3,5,16,4.462
3,6,16,4.605
3,7,16,4.513
3,8,16,4.456
3,9,16,4.487
3,10,16,4.477
3,11,16,4.501
3,12,16,4.386
3,13,16,4.47
3,14,16,4.474
3,15,16,4.524
3,16,16,4.467
3,17,16,4.533
3,18,16,4.424
3,19,16,4.446
4,0,24,7.233
4,1,24,7.214
4,2,24,6.786
4,3,24,6.768
4,4,24,6.855
4,5,24,6.868
4,6,24,6.898
4,7,24,6.838
4,8,24,6.892
4,9,24,6.752
4,10,24,6.937
4,11,24,6.927
4,12,24,6.929
4,13,24,6.861
4,14,24,6.897
4,15,24,6.894
4,16,24,6.915
4,17,24,6.901
4,18,24,7.504
4,19,24,6.836
5,0,34,10.974
5,1,34,10.783
5,2,34,10.799
5,3,34,10.766
5,4,34,10.814
5,5,34,10.787
5,6,34,10.833
5,7,34,10.788
5,8,34,10.849
5,9,34,10.83
5,10,34,10.862
5,11,34,10.883
5,12,34,10.858
5,13,34,10.883
5,14,34,10.903
5,15,34,10.823
5,16,34,10.854
5,17,34,10.857
5,18,34,12.365
5,19,34,10.796
6,0,46,16.995
6,1,46,16.641
6,2,46,16.763
6,3,46,16.791
6,4,46,16.743
6,5,46,16.771
6,6,46,16.814
6,7,46,16.863
6,8,46,16.861
6,9,46,16.791
6,10,46,16.88
6,11,46,17.067
6,12,46,16.89
6,13,46,16.848
6,14,46,16.864
6,15,46,16.92
6,16,46,16.953
6,17,46,16.993
6,18,46,17.363
6,19,46,17.028
7,0,60,26.161
7,1,60,29.731
7,2,60,25.675
7,3,60,25.709
7,4,60,25.798
7,5,60,25.742
7,6,60,25.863
7,7,60,25.939
7,8,60,25.802
7,9,60,26.07
7,10,60,25.858
7,11,60,25.95
7,12,60,25.894
7,13,60,25.964
7,14,60,26.006
7,15,60,26.072
7,16,60,25.957
7,17,60,26.408
7,18,60,26.068
7,19,60,26.728
8,0,76,39.417
8,1,76,39.014
8,2,76,39.46
8,3,76,39.188
8,4,76,39.104
8,5,76,39.256
8,6,76,39.476
8,7,76,39.852
8,8,76,40.708
8,9,76,39.742
8,10,76,47.531
8,11,76,39.562
8,12,76,39.564
8,13,76,39.751
8,14,76,39.359
8,15,76,40.972
8,16,76,39.459
8,17,76,40.076
8,18,76,39.862
8,19,76,39.73
9,0,94,59.177
9,1,94,58.369
9,2,94,58.173
9,3,94,58.647
9,4,94,59.022
9,5,94,59.619
9,6,94,60.277
9,7,94,59.204
9,8,94,59.181
9,9,94,59.527
9,10,94,59.576
9,11,94,59.887
9,12,94,59.628
9,13,94,59.866
9,14,94,59.537
9,15,94,59.57
9,16,94,60.669
9,17,94,59.997
9,18,94,59.576
9,19,94,60.22
10,0,114,86.234
10,1,114,85.909
10,2,114,86.208
10,3,114,87.12
10,4,114,103.299
10,5,114,86.79
10,6,114,87.906
10,7,114,87.319
10,8,114,88.066
10,9,114,87.067
10,10,114,87.094
10,11,114,86.939
10,12,114,87.462
10,13,114,87.182
10,14,114,87.456
10,15,114,87.22
10,16,114,88.585
10,17,114,88.311
10,18,114,88.193
10,19,114,88.058
11,0,136,124.847
11,1,136,124.563
11,2,136,125.315
11,3,136,125.389
11,4,136,125.927
11,5,136,126.3
11,6,136,126.729
11,7,136,125.792
11,8,136,126.865
11,9,136,126.346
11,10,136,129.246
11,11,136,125.655
11,12,136,125.571
11,13,136,127.189
11,14,136,126.852
11,15,136,126.806
11,16,136,127.007
11,17,136,129.118
11,18,136,125.266
11,19,136,126.683
12,0,160,173.447
12,1,160,174.849
12,2,160,174.835
12,3,160,176.253
12,4,160,175.276
12,5,160,210.566
12,6,160,177.461
12,7,160,175.869
12,8,160,176.149
12,9,160,176.471
12,10,160,175.647
12,11,160,176.965
12,12,160,176.443
12,13,160,181.112
12,14,160,176.846
12,15,160,177.51
12,16,160,176.56
12,17,160,176.611
12,18,160,177.926
12,19,160,177.379
13,0,186,243.117
13,1,186,243.005
13,2,186,243.558
13,3,186,244.262
13,4,186,245.363
13,5,186,246.348
13,6,186,246.014
13,7,186,247.569
13,8,186,247.087
13,9,186,246.232
13,10,186,245.408
13,11,186,244.736
13,12,186,245.003
13,13,186,245.593
13,14,186,245.77
13,15,186,243.944
13,16,186,243.829
13,17,186,245.438
13,18,186,241.664
13,19,186,245.735
14,0,214,326.377
14,1,214,332.59
14,2,214,330.13
14,3,214,330.599
14,4,214,331.459
14,5,214,333.575
14,6,214,332.867
14,7,214,333.047
14,8,214,334.106
14,9,214,333.078
14,10,214,334.407
14,11,214,334.571
14,12,214,335.215
14,13,214,334.661
14,14,214,334.088
14,15,214,411.863
14,16,214,334.745
14,17,214,334.774
14,18,214,335.667
14,19,214,331.853
15,0,244,441.066
15,1,244,444.317
15,2,244,446.099
15,3,244,445.17
15,4,244,447.564
15,5,244,446.451
15,6,244,448.879
15,7,244,448.137
15,8,244,451.261
15,9,244,449.034
15,10,244,449.394
15,11,244,449.921
15,12,244,449.334
15,13,244,451.348
15,14,244,450.404
15,15,244,451.418
15,16,244,449.501
15,17,244,447.037
15,18,244,444.246
15,19,244,445.316
16,0,276,581.574
16,1,276,589.913
16,2,276,588.693
16,3,276,588.958
16,4,276,593.14
16,5,276,590.628
16,6,276,592.647
16,7,276,593.112
16,8,276,593.242
16,9,276,593.912
16,10,276,596.216
16,11,276,590.151
16,12,276,596.728
16,13,276,594.971
16,14,276,594.273
16,15,276,592.304
16,16,276,593.91
16,17,276,592.637
16,18,276,594.642
16,19,276,595.452
17,0,310,769.619
17,1,310,769.433
17,2,310,774.474
17,3,310,771.181
17,4,310,771.438
17,5,310,774.27
17,6,310,773.53
17,7,310,777.333
17,8,310,778.303
17,9,310,775.753
17,10,310,779.927
17,11,310,777.698
17,12,310,780.564
17,13,310,939.32
17,14,310,777.282
17,15,310,778.06
17,16,310,781.744
17,17,310,777.954
17,18,310,779.246
17,19,310,778.94
18,0,346,999.494
18,1,346,1001.88
18,2,346,1005.01
18,3,346,1000.25
18,4,346,1001.53
18,5,346,1003.94
18,6,346,1004.02
18,7,346,1008.42
18,8,346,1008.11
18,9,346,1010.62
18,10,346,1007.21
18,11,346,1011.32
18,12,346,1008.07
18,13,346,1011.2
18,14,346,1007.52
18,15,346,1006.93
18,16,346,1007.16
18,17,346,1008.54
18,18,346,1010
18,19,346,1009.68
19,0,384,1283.82
19,1,384,1283.88
19,2,384,1288.98
19,3,384,1290.25
19,4,384,1290.56
19,5,384,1287.62
19,6,384,1288.57
19,7,384,1291.38
19,8,384,1293.67
19,9,384,1299.07
19,10,384,1303.42
19,11,384,1301.25
19,12,384,1303.31
19,13,384,1306.09
19,14,384,1302.57
19,15,384,1301.16
19,16,384,1300.97
19,17,384,1315.84
19,18,384,1305.53
19,19,384,1302.98
20,0,424,1646.17
20,1,424,1651.47
20,2,424,1653.74
20,3,424,1652.39
20,4,424,1657.83
20,5,424,1655.13
20,6,424,1657.93
20,7,424,1662.35
20,8,424,1657.02
20,9,424,1667.14
20,10,424,1659.48
20,11,424,1661.82
20,12,424,1666.32
20,13,424,1658.04
20,14,424,1664.29
20,15,424,1655.91
20,16,424,1661.54
20,17,424,1662.34
20,18,424,1659.19
20,19,424,1662.01
21,0,466,2088.92
21,1,466,2085.8
21,2,466,2093.67
21,3,466,2436.97
21,4,466,2098.32
21,5,466,2097.11
21,6,466,2094.35
21,7,466,2099.56
21,8,466,2103.56
21,9,466,2094.25
21,10,466,2101.32
21,11,466,2103.1
21,12,466,2100.31
21,13,466,2104.76
21,14,466,2098.86
21,15,466,2109.79
21,16,466,2098.61
21,17,466,2105.05
21,18,466,2093.22
21,19,466,2108.94
22,0,510,2619.17
22,1,510,2626.91
22,2,510,2629.45
22,3,510,2627.91
22,4,510,2633.69
22,5,510,2633.43
22,6,510,2638.19
22,7,510,2631.02
22,8,510,2636.13
22,9,510,2640.99
22,10,510,2636.13
22,11,510,2647.62
22,12,510,2651.11
22,13,510,2643.3
22,14,510,2631.46
22,15,510,2654.35
22,16,510,2648.24
22,17,510,2638.63
22,18,510,2642.82
22,19,510,2643.89
23,0,556,3270.36
23,1,556,3291.41
23,2,556,3269.4
23,3,556,3264.65
23,4,556,3271.84
23,5,556,3275.64
23,6,556,3282.78
23,7,556,3293.55
23,8,556,3296.67
23,9,556,3297.34
23,10,556,3285.51
23,11,556,3297.99
23,12,556,3320.37
23,13,556,3287.01
23,14,556,3318.2
23,15,556,3299.54
23,16,556,3304.89
23,17,556,3293.17
23,18,556,3295.26
23,19,556,3301.93
24,0,604,4072.07
24,1,604,4059.01
24,2,604,4070.35
24,3,604,4082.33
24,4,604,4091.2
24,5,604,4080.01
24,6,604,4089.94
24,7,604,4107.09
24,8,604,4086.08
24,9,604,4084.16
24,10,604,4096.02
24,11,604,4090.49
24,12,604,4091.57
24,13,604,4092.49
24,14,604,4094.96
24,15,604,4099.89
24,16,604,4089.54
24,17,604,4096.96
24,18,604,4098.19
24,19,604,4092.2
25,0,654,5011.29
25,1,654,5000.41
25,2,654,5012.59
25,3,654,4999.61
25,4,654,5012.68
25,5,654,5025.03
25,6,654,5753.49
25,7,654,5020.33
25,8,654,5022.55
25,9,654,5014.75
25,10,654,5027.26
25,11,654,5019.37
25,12,654,5045.87
25,13,654,5020.72
25,14,654,5023.52
25,15,654,5028.28
25,16,654,5042.24
25,17,654,5015.59
25,18,654,5056.42
25,19,654,5014.14
26,0,706,6105.01
26,1,706,6103.43
