2,0,9,4.72
2,1,9,2.905
2,2,9,3.205
2,3,9,3.285
2,4,9,3.147
2,5,9,3.08
2,6,9,3.142
2,7,9,3.081
2,8,9,2.894
2,9,9,3.115
2,10,9,3.081
2,11,9,3.034
2,12,9,3.314
2,13,9,2.976
2,14,9,3.048
2,15,9,3.216
2,16,9,3.159
2,17,9,3.058
2,18,9,2.913
2,19,9,3.31
3,0,13,5.14
3,1,13,4.696
3,2,13,4.852
3,3,13,4.689
3,4,13,4.63
3,5,13,4.605
3,6,13,4.654
3,7,13,4.624
3,8,13,4.657
3,9,13,4.516
3,10,13,4.731
3,11,13,4.636
3,12,13,4.648
3,13,13,4.652
3,14,13,4.712
3,15,13,4.976
3,16,13,4.566
3,17,13,4.608
3,18,13,4.66
3,19,13,4.698
4,0,18,7.832
4,1,18,7.23
4,2,18,7.252
4,3,18,7.231
4,4,18,7.303
4,5,18,7.49
4,6,18,7.381
4,7,18,7.443
4,8,18,7.507
4,9,18,8.426
4,10,18,7.596
4,11,18,7.559
4,12,18,7.449
4,13,18,7.713
4,14,18,7.506
4,15,18,7.743
4,16,18,7.704
4,17,18,7.535
4,18,18,7.478
4,19,18,7.4
5,0,24,12.231
5,1,24,11.845
5,2,24,11.877
5,3,24,11.977
5,4,24,12.009
5,5,24,12.203
5,6,24,11.749
5,7,24,14.081
5,8,24,11.964
5,9,24,11.956
5,10,24,12.053
5,11,24,12.256
5,12,24,12.432
5,13,24,11.865
5,14,24,12.405
5,15,24,12.476
5,16,24,12.302
5,17,24,12.627
5,18,24,12.28
5,19,24,12.506
6,0,31,20.161
6,1,31,19.337
6,2,31,19.601
6,3,31,19.224
6,4,31,19.444
6,5,31,19.713
6,6,31,19.745
6,7,31,19.997
6,8,31,19.895
6,9,31,23.709
6,10,31,19.698
6,11,31,19.443
6,12,31,19.849
6,13,31,19.776
6,14,31,19.734
6,15,31,19.515
6,16,31,19.635
6,17,31,19.751
6,18,31,20.343
6,19,31,19.901
7,0,39,31.291
7,1,39,30.782
7,2,39,30.691
7,3,39,30.414
7,4,39,30.638
7,5,39,30.906
7,6,39,30.614
7,7,39,30.344
7,8,39,30.987
7,9,39,30.575
7,10,39,30.414
7,11,39,31.264
7,12,39,31.141
7,13,39,30.917
7,14,39,30.838
7,15,39,39.271
7,16,39,30.812
7,17,39,30.685
7,18,39,30.238
7,19,39,30.705
8,0,48,46.423
8,1,48,46.929
8,2,48,45.766
8,3,48,45.893
8,4,48,46.882
8,5,48,45.967
8,6,48,46.189
8,7,48,46.614
8,8,48,46.673
8,9,48,46.875
8,10,48,47.159
8,11,48,47.372
8,12,48,46.617
8,13,48,47.143
8,14,48,46.635
8,15,48,47.271
8,16,48,46.783
8,17,48,46.972
8,18,48,46.844
8,19,48,46.901
9,0,58,68.991
9,1,58,68.758
9,2,58,69.05
9,3,58,69.828
9,4,58,69.167
9,5,58,69.071
9,6,58,69.281
9,7,58,87.597
9,8,58,69.585
9,9,58,68.789
9,10,58,68.886
9,11,58,69.17
9,12,58,69.127
9,13,58,69.027
9,14,58,69.19
9,15,58,68.888
9,16,58,69.292
9,17,58,69.438
9,18,58,68.915
9,19,58,69.178
10,0,69,100.256
10,1,69,100.073
10,2,69,100.312
10,3,69,100.45
10,4,69,100.488
10,5,69,100.648
10,6,69,100.611
10,7,69,100.881
10,8,69,100.528
10,9,69,101.158
10,10,69,101.437
10,11,69,100.721
10,12,69,100.698
10,13,69,100.38
10,14,69,100.218
10,15,69,100.586
10,16,69,101.048
10,17,69,101.102
10,18,69,100.865
10,19,69,101.204
11,0,81,142.726
11,1,81,144.38
11,2,81,144.166
11,3,81,144.982
11,4,81,144.973
11,5,81,182.702
11,6,81,144.052
11,7,81,145.289
11,8,81,145.003
11,9,81,143.999
11,10,81,142.827
11,11,81,144.737
11,12,81,144.003
11,13,81,144.467
11,14,81,143.71
11,15,81,144.679
11,16,81,144.649
11,17,81,144.76
11,18,81,144.845
11,19,81,144.805
12,0,94,202.23
12,1,94,201.617
12,2,94,202.445
12,3,94,203.056
12,4,94,200.359
12,5,94,202.626
12,6,94,203.057
12,7,94,203.198
12,8,94,203.508
12,9,94,203.236
12,10,94,203.084
12,11,94,203.547
12,12,94,202.793
12,13,94,202.729
12,14,94,204.651
12,15,94,203.256
12,16,94,202.801
12,17,94,203.296
12,18,94,203.344
12,19,94,202.423
13,0,108,276.448
13,1,108,278.587
13,2,108,277.812
13,3,108,276.293
13,4,108,279.426
13,5,108,277.423
13,6,108,279.839
13,7,108,278.83
13,8,108,281.02
13,9,108,279.829
13,10,108,357.307
13,11,108,274.984
13,12,108,277.85
13,13,108,275.574
13,14,108,278.722
13,15,108,273.73
13,16,108,276.593
13,17,108,278.825
13,18,108,277.541
13,19,108,279.092
14,0,123,374.804
14,1,123,378.754
14,2,123,379.595
14,3,123,381.023
14,4,123,380.562
14,5,123,382.302
14,6,123,381.396
14,7,123,380.35
14,8,123,378.538
14,9,123,380.392
14,10,123,383.063
14,11,123,382.497
14,12,123,384.611
14,13,123,384.335
14,14,123,383.365
14,15,123,383.026
14,16,123,386.556
14,17,123,378.094
14,18,123,382.181
14,19,123,378.665
15,0,139,509.805
15,1,139,509.475
15,2,139,513.576
15,3,139,513.099
15,4,139,513.289
15,5,139,511.99
15,6,139,514.699
15,7,139,513.955
15,8,139,515.167
15,9,139,512.747
15,10,139,514.586
15,11,139,513.329
15,12,139,512.34
15,13,139,512.917
15,14,139,506.487
15,15,139,508.959
15,16,139,513.136
15,17,139,505.521
15,18,139,509.024
15,19,139,513.453
16,0,156,671.805
16,1,156,673.991
16,2,156,673.691
16,3,156,675.999
16,4,156,860.413
16,5,156,683.383
16,6,156,685.088
16,7,156,682.629
16,8,156,678.448
16,9,156,704.91
16,10,156,696.188
16,11,156,675.454
16,12,156,681.791
16,13,156,682.534
16,14,156,682.037
16,15,156,675.318
16,16,156,676.589
16,17,156,674.964
16,18,156,676.237
16,19,156,673.187
17,0,174,875.966
17,1,174,877.004
17,2,174,877.051
17,3,174,876.624
17,4,174,878.929
17,5,174,869.13
17,6,174,874.91
17,7,174,882.385
17,8,174,879.178
17,9,174,883.529
17,10,174,878.384
17,11,174,873.705
17,12,174,870.886
17,13,174,875.416
17,14,174,872.644
17,15,174,871.872
17,16,174,876.645
17,17,174,876.204
17,18,174,874.408
17,19,174,870.446
18,0,193,1116.35
18,1,193,1125.97
18,2,193,1126.51
18,3,193,1118.64
18,4,193,1126.68
18,5,193,1130.23
18,6,193,1129.58
18,7,193,1129.81
18,8,193,1136.8
18,9,193,1132.19
18,10,193,1133.9
18,11,193,1132
18,12,193,1140.23
18,13,193,1138.98
18,14,193,1130.35
18,15,193,1130.88
18,16,193,1144.48
18,17,193,1146.08
18,18,193,1126.83
18,19,193,1132.8
19,0,213,1428.63
19,1,213,1431.65
19,2,213,1444.9
19,3,213,1444.68
19,4,213,1445.04
19,5,213,1435.98
19,6,213,1446.96
19,7,213,1441.29
19,8,213,1447.74
19,9,213,1857.22
19,10,213,1448.62
19,11,213,1457.53
19,12,213,1458.79
19,13,213,1461.14
19,14,213,1460.78
19,15,213,1457.16
19,16,213,1463.83
19,17,213,1461.2
19,18,213,1453.21
19,19,213,1458.89
20,0,234,1837.47
20,1,234,1835.68
20,2,234,1841.44
20,3,234,1850.58
20,4,234,1845.39
20,5,234,1849.81
20,6,234,1868.41
20,7,234,1828.29
20,8,234,1830.01
20,9,234,1838.28
20,10,234,1827.52
20,11,234,1832.49
20,12,234,1828.73
20,13,234,1834.74
20,14,234,1842.79
20,15,234,1835.03
20,16,234,1835.31
20,17,234,1839.09
20,18,234,1845.77
20,19,234,1841.15
21,0,256,2292.55
21,1,256,2313.64
21,2,256,2320.6
21,3,256,2320.59
21,4,256,2323.58
21,5,256,2318.15
21,6,256,2318.52
21,7,256,2358.62
21,8,256,2321.85
21,9,256,2322.35
21,10,256,2315.68
21,11,256,2308.98
21,12,256,2327.83
21,13,256,2323.59
21,14,256,2330.26
21,15,256,2320.8
21,16,256,2335.01
21,17,256,2328.2
21,18,256,2314.6
21,19,256,2298.73
22,0,279,2871.59
22,1,279,2867.16
22,2,279,2860.2
22,3,279,2884.58
22,4,279,2900.11
22,5,279,2883.36
22,6,279,2857.83
22,7,279,2873.66
22,8,279,2881.4
22,9,279,2875.12
22,10,279,2870.03
22,11,279,2882.31
22,12,279,2879.68
22,13,279,2886.58
22,14,279,2876.28
22,15,279,2886.41
22,16,279,2876.59
22,17,279,2889.49
22,18,279,2880.95
22,19,279,2889.68
23,0,303,3579.77
23,1,303,3551.94
23,2,303,3574.87
23,3,303,3571.09
23,4,303,3564.41
23,5,303,3569.41
23,6,303,4411.87
23,7,303,3583.25
23,8,303,3588.01
23,9,303,3591.52
23,10,303,3586.22
23,11,303,3565.19
23,12,303,3582.07
23,13,303,3605.01
23,14,303,3592.12
23,15,303,3617.29
23,16,303,3589.13
23,17,303,3603.7
23,18,303,3610.22
23,19,303,3600.31
24,0,328,4398.95
24,1,328,4402.26
24,2,328,4420.83
24,3,328,4398.21
24,4,328,4407.39
24,5,328,4390.42
24,6,328,4386.66
24,7,328,4385.83
24,8,328,4381.39
24,9,328,4371.95
24,10,328,4371.16
24,11,328,4374.5
24,12,328,4361.31
24,13,328,4352.41
24,14,328,4385.42
24,15,328,4364.92
24,16,328,4377.82
24,17,328,4356.78
24,18,328,4374.97
24,19,328,4376.87
25,0,354,5307.89
25,1,354,5319.79
25,2,354,5357.41
25,3,354,5340.64
25,4,354,5346.84
25,5,354,5333.94
25,6,354,5357.05
25,7,354,5350.78
25,8,354,5342.98
25,9,354,5336.94
