2,0,6,2.738
2,1,6,2.216
2,2,6,2.509
2,3,6,2.895
2,4,6,2.46
2,5,6,2.337
2,6,6,2.476
2,7,6,2.278
2,8,6,2.277
2,9,6,2.163
2,10,6,2.51
2,11,6,2.371
2,12,6,2.869
2,13,6,2.247
2,14,6,2.759
2,15,6,2.459
2,16,6,2.881
2,17,6,2.284
2,18,6,2.718
2,19,6,2.273
3,0,10,5.719
3,1,10,5.484
3,2,10,5.506
3,3,10,5.209
3,4,10,5.264
3,5,10,5.239
3,6,10,5.236
3,7,10,5.67
3,8,10,5.808
3,9,10,5.216
3,10,10,5.668
3,11,10,5.474
3,12,10,5.691
3,13,10,5.395
3,14,10,5.982
3,15,10,5.262
3,16,10,5.473
3,17,10,5.731
3,18,10,6.535
3,19,10,5.433
4,0,14,10.979
4,1,14,11.046
4,2,14,11.228
4,3,14,11.245
4,4,14,11.205
4,5,14,11.011
4,6,14,11.251
4,7,14,11.364
4,8,14,11.095
4,9,14,11.534
4,10,14,11.963
4,11,14,11.716
4,12,14,11.568
4,13,14,11.859
4,14,14,11.548
4,15,14,11.837
4,16,14,11.326
4,17,14,11.748
4,18,14,11.892
4,19,14,11.805
5,0,18,21.938
5,1,18,21.893
5,2,18,21.666
5,3,18,22.101
5,4,18,22.082
5,5,18,22.429
5,6,18,24.772
5,7,18,22.379
5,8,18,21.868
5,9,18,22.762
5,10,18,22.164
5,11,18,22.379
5,12,18,22.578
5,13,18,22.783
5,14,18,22.583
5,15,18,22.846
5,16,18,22.883
5,17,18,22.75
5,18,18,22.572
5,19,18,22.893
6,0,22,40.027
6,1,22,39.232
6,2,22,39.609
6,3,22,39.546
6,4,22,39.799
6,5,22,44.617
6,6,22,39.655
6,7,22,40.513
6,8,22,40.183
6,9,22,40.891
6,10,22,40.809
6,11,22,40.842
6,12,22,40.717
6,13,22,40.736
6,14,22,40.725
6,15,22,40.733
6,16,22,41.155
6,17,22,40.792
6,18,22,40.612
6,19,22,41.623
7,0,26,68.011
7,1,26,67.655
7,2,26,67.924
7,3,26,67.961
7,4,26,68.226
7,5,26,69.139
7,6,26,68.417
7,7,26,78.928
7,8,26,69.259
7,9,26,69.443
7,10,26,69.384
7,11,26,68.841
7,12,26,69.6
7,13,26,71.239
7,14,26,72.028
7,15,26,72.65
7,16,26,71.334
7,17,26,71.848
7,18,26,71.185
7,19,26,71.521
8,0,30,113.04
8,1,30,111.94
8,2,30,112.877
8,3,30,112.812
8,4,30,113.53
8,5,30,113.823
8,6,30,113.912
8,7,30,114.448
8,8,30,115.27
8,9,30,114.645
8,10,30,114.71
8,11,30,115.666
8,12,30,115.8
8,13,30,139.057
8,14,30,117.417
8,15,30,116.3
8,16,30,116.239
8,17,30,116.522
8,18,30,115.927
8,19,30,116.474
9,0,34,173.149
9,1,34,175.156
9,2,34,175.805
9,3,34,176.367
9,4,34,176.372
9,5,34,177.011
9,6,34,177.722
9,7,34,178.963
9,8,34,178.675
9,9,34,178.937
9,10,34,178.566
9,11,34,178.295
9,12,34,180.604
9,13,34,178.971
9,14,34,178.684
9,15,34,179.032
9,16,34,179.322
9,17,34,179.221
9,18,34,180.196
9,19,34,179.043
10,0,38,258.91
10,1,38,262.042
10,2,38,263.438
10,3,38,264.149
10,4,38,311.596
10,5,38,265.199
10,6,38,265.023
10,7,38,265.445
10,8,38,265.969
10,9,38,266.514
10,10,38,266.724
10,11,38,267.062
10,12,38,267.665
10,13,38,268.269
10,14,38,267.553
10,15,38,269.808
10,16,38,267.192
10,17,38,267.283
10,18,38,267.624
10,19,38,268.105
11,0,42,372.201
11,1,42,375.589
11,2,42,375.849
11,3,42,376.75
11,4,42,377.886
11,5,42,379.576
11,6,42,382.092
11,7,42,383.37
11,8,42,383.938
11,9,42,383.588
11,10,42,386.996
11,11,42,383.479
11,12,42,382.915
11,13,42,385.204
11,14,42,385.704
11,15,42,386.289
11,16,42,385.839
11,17,42,386.139
11,18,42,387.187
11,19,42,387.06
12,0,46,522.583
12,1,46,618.716
12,2,46,526.208
12,3,46,526.306
12,4,46,529.118
12,5,46,529.727
12,6,46,533.89
12,7,46,530.57
12,8,46,533.282
12,9,46,532.47
12,10,46,537.826
12,11,46,534.727
12,12,46,534.067
12,13,46,533.401
12,14,46,533.039
12,15,46,534.607
12,16,46,533.978
12,17,46,534.434
12,18,46,537.806
12,19,46,536.515
13,0,50,720.413
13,1,50,723.21
13,2,50,726.993
13,3,50,732.642
13,4,50,735.423
13,5,50,739.199
13,6,50,746.286
13,7,50,762.616
13,8,50,763.935
13,9,50,765.627
13,10,50,765.259
13,11,50,766.236
13,12,50,768.905
13,13,50,775.534
13,14,50,767.256
13,15,50,769.811
13,16,50,768.559
13,17,50,774.562
13,18,50,772.186
13,19,50,770.218
14,0,54,1019.05
14,1,54,1013.78
14,2,54,1017.51
14,3,54,1021.67
14,4,54,1025.57
14,5,54,1211.97
14,6,54,1026.69
14,7,54,1035.25
14,8,54,1037.7
14,9,54,1031.59
14,10,54,1033.1
14,11,54,1035.87
14,12,54,1036.37
14,13,54,1037.5
14,14,54,1037.88
14,15,54,1041.98
14,16,54,1049.99
14,17,54,1042.16
14,18,54,1043.31
14,19,54,1040.71
15,0,58,1393.41
15,1,58,1359.48
15,2,58,1365.39
15,3,58,1367.69
15,4,58,1381.5
15,5,58,1373.46
15,6,58,1373.88
15,7,58,1379.81
15,8,58,1381.45
15,9,58,1387.48
15,10,58,1386.91
15,11,58,1405.19
15,12,58,1392.85
15,13,58,1393.56
15,14,58,1395.54
15,15,58,1392.48
15,16,58,1388.06
15,17,58,1394.86
15,18,58,1394.59
15,19,58,1396.29
16,0,62,1791.27
16,1,62,1796.36
16,2,62,1806.61
16,3,62,1807.15
16,4,62,1824.12
16,5,62,1799.82
16,6,62,1799.85
16,7,62,1820.1
16,8,62,1822.21
16,9,62,1821.55
16,10,62,1829.88
16,11,62,1828.08
16,12,62,1827.44
16,13,62,1832.58
16,14,62,1841.18
16,15,62,1834.26
16,16,62,1849.98
16,17,62,2236.76
16,18,62,1832.91
16,19,62,1842.97
17,0,66,2328.01
17,1,66,2378.86
17,2,66,2378.09
17,3,66,2383.03
