# rank |         avg         
#------+---------------------
    1 | 45.4000000000000000
    2 | 55.0000000000000000
    3 | 76.6000000000000000
    4 | 76.6000000000000000
    5 | 81.8000000000000000
    6 | 81.8000000000000000
    7 | 81.8000000000000000
    8 | 81.8000000000000000
    9 | 84.0000000000000000
   10 | 86.0000000000000000
   11 | 86.0000000000000000
   12 | 89.8000000000000000
   13 | 90.0000000000000000
   14 | 91.4000000000000000
   15 | 91.4000000000000000
   16 | 91.4000000000000000
   17 | 92.0000000000000000
   18 | 92.0000000000000000
   19 | 92.4000000000000000
   20 | 92.4000000000000000
   21 | 92.4000000000000000
   22 | 92.4000000000000000
   23 | 92.6000000000000000
   24 | 93.2000000000000000
   25 | 93.2000000000000000
   26 | 93.2000000000000000
   27 | 93.2000000000000000
   28 | 93.2000000000000000
   29 | 93.6000000000000000
   30 | 93.6000000000000000
   31 | 93.6000000000000000
   32 | 93.6000000000000000
   33 | 94.4000000000000000
   34 | 94.4000000000000000
   35 | 94.4000000000000000
   36 | 94.4000000000000000
   37 | 94.4000000000000000
   38 | 94.4000000000000000
   39 | 94.4000000000000000
   40 | 94.4000000000000000
   41 | 94.8000000000000000
   42 | 95.4000000000000000
   43 | 95.4000000000000000
   44 | 96.4000000000000000
   45 | 96.4000000000000000
   46 | 96.4000000000000000
   47 | 96.4000000000000000
   48 | 96.4000000000000000
   49 | 96.4000000000000000
   50 | 96.4000000000000000
   51 | 96.4000000000000000
   52 | 96.6000000000000000
   53 | 96.6000000000000000
   54 | 96.6000000000000000
   55 | 96.6000000000000000
   56 | 96.6000000000000000
   57 | 96.6000000000000000
   58 | 96.6000000000000000
   59 | 96.6000000000000000
   60 | 96.6000000000000000
   61 | 96.6000000000000000
   62 | 96.6000000000000000
   63 | 96.6000000000000000
   64 | 96.6000000000000000
   65 | 96.6000000000000000
   66 | 96.6000000000000000
   67 | 96.6000000000000000
   68 | 96.6000000000000000
   69 | 96.6000000000000000
   70 | 96.8000000000000000
   71 | 96.8000000000000000
   72 | 96.8000000000000000
   73 | 96.8000000000000000
   74 | 96.8000000000000000
   75 | 97.0000000000000000
   76 | 97.0000000000000000
   77 | 97.0000000000000000
   78 | 97.0000000000000000
   79 | 97.0000000000000000
   80 | 97.0000000000000000
   81 | 97.0000000000000000
   82 | 97.0000000000000000
   83 | 97.0000000000000000
   84 | 97.0000000000000000
   85 | 97.0000000000000000
   86 | 97.0000000000000000
   87 | 97.0000000000000000
   88 | 97.0000000000000000
   89 | 97.0000000000000000
   90 | 97.0000000000000000
   91 | 97.0000000000000000
   92 | 97.0000000000000000
   93 | 97.2000000000000000
   94 | 97.2000000000000000
   95 | 97.2000000000000000
   96 | 97.2000000000000000
   97 | 97.2000000000000000
   98 | 97.2000000000000000
   99 | 97.2000000000000000
  100 | 97.2000000000000000
  101 | 97.2000000000000000
  102 | 97.2000000000000000
  103 | 97.2000000000000000
  104 | 97.2000000000000000
  105 | 97.2000000000000000
  106 | 97.4000000000000000
  107 | 97.4000000000000000
  108 | 97.4000000000000000
  109 | 97.4000000000000000
  110 | 97.4000000000000000
  111 | 97.4000000000000000
  112 | 97.4000000000000000
  113 | 97.4000000000000000
  114 | 97.4000000000000000
  115 | 97.4000000000000000
  116 | 97.4000000000000000
  117 | 97.4000000000000000
  118 | 97.4000000000000000
  119 | 97.4000000000000000
  120 | 97.4000000000000000
  121 | 97.4000000000000000
  122 | 97.4000000000000000
  123 | 97.4000000000000000
  124 | 97.8000000000000000
  125 | 97.8000000000000000
  126 | 97.8000000000000000
  127 | 97.8000000000000000
  128 | 97.8000000000000000
  129 | 97.8000000000000000
  130 | 97.8000000000000000
  131 | 97.8000000000000000
  132 | 97.8000000000000000
  133 | 97.8000000000000000
  134 | 97.8000000000000000
  135 | 97.8000000000000000
  136 | 97.8000000000000000
  137 | 97.8000000000000000
  138 | 97.8000000000000000
  139 | 97.8000000000000000
  140 | 97.8000000000000000
  141 | 97.8000000000000000
  142 | 97.8000000000000000
  143 | 97.8000000000000000
  144 | 97.8000000000000000
  145 | 97.8000000000000000
  146 | 97.8000000000000000
  147 | 97.8000000000000000
  148 | 97.8000000000000000
  149 | 97.8000000000000000
  150 | 97.8000000000000000
  151 | 97.8000000000000000
  152 | 98.0000000000000000
  153 | 98.0000000000000000
  154 | 98.0000000000000000
  155 | 98.0000000000000000
  156 | 98.0000000000000000
  157 | 98.0000000000000000
  158 | 98.0000000000000000
  159 | 98.0000000000000000
  160 | 98.0000000000000000
  161 | 98.0000000000000000
  162 | 98.0000000000000000
  163 | 98.0000000000000000
  164 | 98.0000000000000000
  165 | 98.0000000000000000
  166 | 98.0000000000000000
  167 | 98.0000000000000000
  168 | 98.0000000000000000
  169 | 98.0000000000000000
  170 | 98.0000000000000000
  171 | 98.0000000000000000
  172 | 98.0000000000000000
  173 | 98.0000000000000000
  174 | 98.0000000000000000
  175 | 98.0000000000000000
  176 | 98.0000000000000000
  177 | 98.0000000000000000
  178 | 98.0000000000000000
  179 | 98.0000000000000000
  180 | 98.0000000000000000
  181 | 98.0000000000000000
  182 | 98.0000000000000000
  183 | 98.0000000000000000
  184 | 98.0000000000000000
  185 | 98.0000000000000000
  186 | 98.0000000000000000
  187 | 98.0000000000000000
  188 | 98.0000000000000000
  189 | 98.0000000000000000
  190 | 98.0000000000000000
  191 | 98.0000000000000000
  192 | 98.0000000000000000
  193 | 98.0000000000000000
  194 | 98.0000000000000000
  195 | 98.0000000000000000
  196 | 98.0000000000000000
  197 | 98.0000000000000000
  198 | 98.0000000000000000
  199 | 98.0000000000000000
  200 | 98.0000000000000000
  201 | 98.0000000000000000
  202 | 98.0000000000000000
  203 | 98.0000000000000000
  204 | 98.0000000000000000
  205 | 98.0000000000000000
  206 | 98.0000000000000000
  207 | 98.0000000000000000
  208 | 98.0000000000000000
  209 | 98.0000000000000000
  210 | 98.0000000000000000
  211 | 97.8000000000000000
  212 | 97.8000000000000000
  213 | 97.8000000000000000
  214 | 97.8000000000000000
  215 | 97.8000000000000000
  216 | 97.8000000000000000
  217 | 97.8000000000000000
  218 | 97.8000000000000000
  219 | 97.8000000000000000
  220 | 97.8000000000000000
  221 | 97.8000000000000000
  222 | 97.8000000000000000
  223 | 97.8000000000000000
  224 | 97.8000000000000000
  225 | 97.8000000000000000
  226 | 97.8000000000000000
  227 | 97.8000000000000000
  228 | 97.8000000000000000
  229 | 97.8000000000000000
  230 | 97.8000000000000000
  231 | 97.8000000000000000
  232 | 97.8000000000000000
  233 | 97.8000000000000000
  234 | 97.8000000000000000
  235 | 97.8000000000000000
  236 | 97.8000000000000000
  237 | 97.8000000000000000
  238 | 97.8000000000000000
  239 | 97.8000000000000000
  240 | 97.8000000000000000
  241 | 97.8000000000000000
  242 | 97.8000000000000000
  243 | 97.8000000000000000
  244 | 97.8000000000000000
  245 | 97.8000000000000000
  246 | 97.8000000000000000
  247 | 97.8000000000000000
  248 | 97.8000000000000000
  249 | 97.8000000000000000
  250 | 97.8000000000000000
  251 | 97.8000000000000000
  252 | 97.8000000000000000
  253 | 97.8000000000000000
  254 | 97.8000000000000000
  255 | 97.8000000000000000
  256 | 97.8000000000000000
  257 | 97.8000000000000000
  258 | 97.8000000000000000
  259 | 97.8000000000000000
  260 | 97.8000000000000000
  261 | 97.8000000000000000
  262 | 97.8000000000000000
  263 | 97.8000000000000000
  264 | 97.8000000000000000
  265 | 97.8000000000000000
  266 | 97.8000000000000000
  267 | 97.8000000000000000
  268 | 97.8000000000000000
  269 | 97.8000000000000000
  270 | 97.8000000000000000
  271 | 97.8000000000000000
  272 | 97.8000000000000000
  273 | 97.8000000000000000
  274 | 97.8000000000000000
  275 | 97.8000000000000000
  276 | 97.8000000000000000
  277 | 97.8000000000000000
  278 | 97.8000000000000000
  279 | 97.8000000000000000
  280 | 97.8000000000000000
  281 | 97.8000000000000000
  282 | 97.8000000000000000
  283 | 97.8000000000000000
  284 | 97.8000000000000000
  285 | 97.8000000000000000
  286 | 97.8000000000000000
  287 | 97.8000000000000000
  288 | 97.8000000000000000
  289 | 97.8000000000000000
  290 | 97.8000000000000000
  291 | 97.8000000000000000
  292 | 97.8000000000000000
  293 | 97.8000000000000000
  294 | 97.8000000000000000
  295 | 97.8000000000000000
  296 | 97.8000000000000000
  297 | 97.8000000000000000
  298 | 97.8000000000000000
  299 | 97.8000000000000000
  300 | 97.8000000000000000
#(300 rows)

