 355
 426
 041
 469
 198
 288
 199
 504
 753
 744
 206
 124
 684
 113
 008
 017
 686
 589
 618
 572
 314
 585
 317
 566
 343
 400
 580
 354
 080
 074
 404
 402
 334
 664
 699
 484
 789
 613
 588
 394
 134
 266
 310
 047
 491
 466
 374
 170
 456
 292
 061
 277
 306
 535
 025
 097
 318
 053
 114
 225
 798
 629
 662
 197
 050
 182
 085
 391
 536
 673
 087
 200
 458
 604
 528
 260
 151
 290
 697
 769
 331
 293
 059
 099
 339
 152
 654
 185
 327
 666
 738
 084
 751
 579
 150
 028
 573
 746
 427
 778
 217
 796
 577
 315
 299
 547
 494
 229
 647
 173
 201
 296
 691
 055
 765
 098
 001
 165
 747
 328
 526
 012
 065
 705
 359
 109
 263
 652
 333
 019
 433
 305
 104
 436
 707
 785
 337
 183
 035
 781
 671
 375
 311
 064
 473
 771
 468
 060
 332
 478
 014
 443
 105
 695
 220
 000
 729
 512
 442
 598
 336
 360
 373
 245
 040
 432
 591
 635
 287
 521
 725
 693
 082
 395
 122
 073
 298
 784
 278
 772
 777
 553
 797
 406
 479
 342
 169
 702
 460
 379
 514
 032
 030
 079
 723
 676
 549
 131
 186
 246
 300
 461
 714
 595
 168
 560
 574
 215
 594
 525
 540
 745
 487
 519
 119
 264
 062
 135
 586
 397
 665
 716
 472
 350
 476
 145
 633
 282
 251
 147
 710
 575
 675
 720
 538
 558
 049
 698
 325
 485
 600
 584
 362
 534
 451
 435
 024
 583
 205
 445
 203
 733
 430
 734
 657
 016
 669
 681
 046
 155
 076
 156
 559
 700
 794
 222
 670
 757
 616
 018
 181
 732
 708
 244
 043
 308
 219
 651
 309
 188
 735
 189
 289
 330
 780
 615
 344
 399
 499
 506
 696
 410
 033
 522
 184
 408
 709
 599
 107
 715
 773
 440
 434
 349
 417
 762
 727
 642
 653
 590
 631
 078
 656
 252
 077
 241
 724
 106
 513
 009
 088
 383
 146
 632
 149
 496
 533
 690
 326
 261
 154
 341
 532
 363
 011
 567
 388
 369
 010
 731
 232
 692
 345
 741
 474
 022
 551
 795
 038
 626
 376
 683
 409
 624
 770
 481
 649
 489
 592
 389
 552
 793
 015
 677
 607
 527
 294
 348
 421
 352
 101
 730
 628
 166
 759
 265
 799
 687
 258
 295
 213
 272
 153
 401
 658
 786
 452
 005
 603
 312
 419
 196
 685
 316
 002
 387
 218
 424
 791
 689
 755
 236
 455
 542
 057
 159
 792
 262
 172
 630
 371
 576
 471
 063
 480
 441
 790
 386
 233
 013
 530
 283
 180
 518
 465
 620
 239
 737
 736
 380
 453
 503
 111
 302
 612
 667
 020
 507
 582
 231
 157
 578
 776
 083
 783
 039
 711
 058
 324
 768
 243
 554
 179
 132
 250
 516
 238
 717
 429
 372
 721
 329
 234
 450
 319
 211
 361
 405
 223
 459
 269
 728
 072
 335
 003
 368
 056
 353
 322
 661
 351
 100
 026
 593
 625
 115
 511
 045
 006
 761
 597
 643
 672
 392
 112
 418
 623
 207
 102
 273
 446
 148
 075
 752
 420
 722
 422
 622
 774
 044
 259
 178
 086
 248
 423
 304
 557
 706
 619
 255
 138
 143
 214
 340
 726
 407
 191
 127
 486
 758
 680
 646
 617
 637
 464
 682
 137
 694
 569
 190
 398
 644
 766
 610
 550
 581
 095
 601
 187
 227
 129
 224
 356
 447
 703
 563
 782
 463
 357
 297
 640
 517
 036
 051
 204
 614
 546
 276
 120
 412
 136
 634
 611
 031
 688
 638
 366
 515
 208
 176
 364
 216
 639
 648
 141
 171
 247
 739
 606
 444
 228
 121
 509
 663
 605
 719
 501
 303
 321
 071
