2,0,30,4.944
2,1,30,4.366
2,2,30,4.364
2,3,30,4.355
2,4,30,4.479
2,5,30,4.433
2,6,30,4.421
2,7,30,4.402
2,8,30,4.477
2,9,30,4.561
2,10,30,4.625
2,11,30,4.833
2,12,30,4.875
2,13,30,4.66
2,14,30,4.793
2,15,30,4.698
2,16,30,4.779
2,17,30,4.415
2,18,30,4.697
2,19,30,4.439
3,0,66,10.955
3,1,66,11.23
3,2,66,10.73
3,3,66,11.248
3,4,66,11.156
3,5,66,11.2
3,6,66,11.431
3,7,66,11.699
3,8,66,11.402
3,9,66,11.669
3,10,66,11.166
3,11,66,10.936
3,12,66,10.866
3,13,66,11.034
3,14,66,11.062
3,15,66,11.02
3,16,66,10.923
3,17,66,11.031
3,18,66,10.971
3,19,66,10.847
4,0,118,25.452
4,1,118,25.657
4,2,118,27.116
4,3,118,25.342
4,4,118,25.498
4,5,118,25.522
4,6,118,26.302
4,7,118,25.329
4,8,118,26.219
4,9,118,26.332
4,10,118,26.158
4,11,118,26.319
4,12,118,26.014
4,13,118,26.248
4,14,118,26.283
4,15,118,26.224
4,16,118,26.695
4,17,118,30.126
4,18,118,26.217
4,19,118,26.527
5,0,186,52.108
5,1,186,52.646
5,2,186,53.693
5,3,186,53.655
5,4,186,53.801
5,5,186,53.477
5,6,186,53.744
5,7,186,54.325
5,8,186,54.328
5,9,186,54.423
5,10,186,54.828
5,11,186,55.122
5,12,186,55.095
5,13,186,63.22
5,14,186,53.728
5,15,186,54.259
5,16,186,54.248
5,17,186,53.931
5,18,186,54.163
5,19,186,54.635
6,0,270,99.762
6,1,270,98.594
6,2,270,100.21
6,3,270,100.568
6,4,270,101.714
6,5,270,102.105
6,6,270,102.967
6,7,270,102.686
6,8,270,102.19
6,9,270,102.581
6,10,270,102.509
6,11,270,102.545
6,12,270,103.16
6,13,270,103.567
6,14,270,122.987
6,15,270,102.108
6,16,270,102.84
6,17,270,101.913
6,18,270,101.864
6,19,270,103.491
7,0,370,176.837
7,1,370,176.829
7,2,370,181.764
7,3,370,181.508
7,4,370,182.393
7,5,370,182.719
7,6,370,183.55
7,7,370,184.307
7,8,370,185.425
7,9,370,186.211
7,10,370,186.096
7,11,370,184.704
7,12,370,185.527
7,13,370,186.726
7,14,370,188.626
7,15,370,188.996
7,16,370,189.349
7,17,370,189.261
7,18,370,187.67
7,19,370,187.467
8,0,486,342.258
8,1,486,307.113
8,2,486,308.268
8,3,486,309.678
8,4,486,311.017
8,5,486,310.169
8,6,486,310.935
8,7,486,311.706
8,8,486,313.583
8,9,486,313.546
8,10,486,311.295
8,11,486,311.913
8,12,486,312.653
8,13,486,314.588
8,14,486,313.886
8,15,486,314.841
8,16,486,316.177
8,17,486,315.841
8,18,486,315.628
8,19,486,317.137
9,0,618,491.133
9,1,618,494.035
9,2,618,499.162
9,3,618,502.329
9,4,618,505.532
9,5,618,504.841
9,6,618,505.459
9,7,618,507.917
9,8,618,587.518
9,9,618,507.845
9,10,618,504.155
9,11,618,502.582
9,12,618,505.259
9,13,618,506.165
9,14,618,506.148
9,15,618,508.918
9,16,618,507.397
9,17,618,508.374
9,18,618,507.591
9,19,618,508.689
10,0,766,772.51
10,1,766,776.714
10,2,766,783.118
10,3,766,784.498
10,4,766,785.556
10,5,766,785.297
10,6,766,787.93
10,7,766,789.58
10,8,766,791.598
10,9,766,792.842
10,10,766,793.431
10,11,766,792.68
10,12,766,794.81
10,13,766,793.416
10,14,766,795.255
10,15,766,795.998
10,16,766,794.7
10,17,766,797.266
10,18,766,796.513
10,19,766,797.356
11,0,930,1177.53
11,1,930,1183.52
11,2,930,1189.89
11,3,930,1206.96
11,4,930,1374.77
11,5,930,1194.57
11,6,930,1195.71
11,7,930,1190.43
11,8,930,1190.4
11,9,930,1194.58
11,10,930,1195.58
11,11,930,1195.96
11,12,930,1194.55
11,13,930,1198.2
11,14,930,1195.53
11,15,930,1195.21
11,16,930,1194.49
11,17,930,1193.96
11,18,930,1197.18
11,19,930,1193.21
12,0,1110,1762.76
12,1,1110,1748.13
12,2,1110,1756.38
12,3,1110,1754.94
12,4,1110,1757.45
12,5,1110,1757.41
12,6,1110,1759.8
12,7,1110,1758.08
12,8,1110,1764.31
12,9,1110,1763.11
12,10,1110,1778.08
12,11,1110,1764.17
12,12,1110,1760.55
12,13,1110,1761.69
12,14,1110,1761.8
12,15,1110,1754.42
12,16,1110,1757.79
12,17,1110,1760.45
12,18,1110,1754.8
12,19,1110,1764.69
13,0,1306,2523.97
13,1,1306,2521.18
13,2,1306,2527.2
13,3,1306,2532.21
13,4,1306,2540.04
13,5,1306,2871.66
13,6,1306,2537.02
13,7,1306,2540.22
13,8,1306,2544.43
13,9,1306,2562.13
13,10,1306,2539.59
13,11,1306,2535.05
13,12,1306,2535.99
13,13,1306,2540.25
13,14,1306,2545.25
13,15,1306,2543.27
13,16,1306,2543.62
13,17,1306,2542.73
13,18,1306,2551.35
13,19,1306,2548.2
14,0,1518,3576.9
14,1,1518,3591.86
14,2,1518,3598.2
14,3,1518,3622.46
14,4,1518,3602.23
14,5,1518,3598.34
14,6,1518,3607.37
14,7,1518,3608.66
14,8,1518,3611.29
14,9,1518,3620.2
14,10,1518,3625.46
14,11,1518,3628.23
14,12,1518,3627.72
14,13,1518,3626.74
14,14,1518,3650.19
14,15,1518,3626.63
14,16,1518,3621.07
14,17,1518,3626.98
14,18,1518,3633.28
14,19,1518,3655.2
15,0,1746,5046.61
15,1,1746,5058.51
15,2,1746,5074.51
15,3,1746,5094.86
15,4,1746,5102.65
15,5,1746,5078.82
15,6,1746,5060.77
15,7,1746,5083.07
15,8,1746,5071.36
15,9,1746,5072.22
15,10,1746,5086.15
15,11,1746,5070.27
15,12,1746,5079.23
15,13,1746,5080.99
15,14,1746,5079.53
15,15,1746,5732.17
15,16,1746,5092.17
15,17,1746,5089.98
15,18,1746,5089.52
15,19,1746,5088.11
16,0,1990,6921.47
16,1,1990,6892.63
16,2,1990,6927.93
16,3,1990,6929.87
16,4,1990,6928.16
16,5,1990,6941.43
16,6,1990,6940.6
16,7,1990,6939.1
16,8,1990,6956.74
16,9,1990,6957.91
16,10,1990,6971.81
16,11,1990,6976.02
16,12,1990,6974.03
16,13,1990,6980.41
16,14,1990,6982.97
16,15,1990,6985.64
16,16,1990,6997.11
16,17,1990,7000.64
16,18,1990,6996.74
16,19,1990,7020.05
17,0,2250,9579.25
17,1,2250,9582.13
17,2,2250,9610.05
17,3,2250,9639.62
17,4,2250,9655.9
17,5,2250,9658.62
17,6,2250,9672.12
17,7,2250,9673.55
17,8,2250,9691.73
17,9,2250,9696.56
17,10,2250,9714.05
17,11,2250,9703.89
17,12,2250,9711.5
17,13,2250,9733.34
17,14,2250,9730.53
17,15,2250,9729.65
17,16,2250,9736.99
17,17,2250,9740.85
17,18,2250,9748.46
17,19,2250,9744.37
18,0,2526,12978.6
18,1,2526,12961.1
18,2,2526,12999.1
18,3,2526,13024.8
18,4,2526,13064.8
18,5,2526,13045.7
18,6,2526,13070.1
18,7,2526,13113.5
18,8,2526,13081.1
18,9,2526,13098.9
18,10,2526,13124.8
18,11,2526,13102.5
18,12,2526,13079.4
18,13,2526,13083.4
18,14,2526,13113.7
18,15,2526,14447.9
18,16,2526,13123.6
18,17,2526,13140.5
18,18,2526,13125.6
18,19,2526,13136.5
19,0,2818,17290.3
19,1,2818,17278.4
19,2,2818,17351
19,3,2818,17361.1
19,4,2818,17371.8
19,5,2818,17384.7
19,6,2818,17409.4
19,7,2818,17405.1
19,8,2818,17413.2
19,9,2818,17445.2
19,10,2818,17441.9
19,11,2818,17444.1
19,12,2818,17423.5
19,13,2818,17411.5
19,14,2818,17468.7
19,15,2818,17509.8
19,16,2818,17453.8
19,17,2818,17460.6
19,18,2818,17469.3
19,19,2818,17458.9
20,0,3126,22710.4
20,1,3126,22691
20,2,3126,22743.3
20,3,3126,22819.6
20,4,3126,22876.7
20,5,3126,22916.1
20,6,3126,22937
20,7,3126,22919.6
20,8,3126,22926.5
20,9,3126,22939.3
20,10,3126,22962.8
20,11,3126,22981.9
20,12,3126,22964.8
20,13,3126,22964.3
20,14,3126,22947.8
20,15,3126,22957.8
20,16,3126,22945.5
20,17,3126,22950.2
20,18,3126,22963.7
20,19,3126,22969.4
21,0,3450,29519.3
21,1,3450,29509.4
21,2,3450,29547.2
21,3,3450,29569.3
21,4,3450,29618.7
21,5,3450,29638.8
21,6,3450,29617.8
21,7,3450,29637.1
21,8,3450,29650.9
21,9,3450,29651.7
21,10,3450,29634.3
21,11,3450,29616.9
21,12,3450,29596.8
21,13,3450,29595
21,14,3450,29837.7
21,15,3450,29644.1
21,16,3450,29685.7
21,17,3450,29659.3
21,18,3450,29700.8
21,19,3450,29677.3
22,0,3790,37901.1
22,1,3790,37893.3
22,2,3790,37973.6
22,3,3790,38103.5
22,4,3790,38248.6
22,5,3790,40863.4
22,6,3790,38391.2
22,7,3790,38414.9
22,8,3790,38487
22,9,3790,38497.4
22,10,3790,38539.4
22,11,3790,38536
22,12,3790,38616.9
22,13,3790,38610.4
22,14,3790,38643.8
22,15,3790,38706.5
22,16,3790,38859.1
22,17,3790,38930.6
22,18,3790,38925.5
22,19,3790,39034.6
23,0,4146,49408.2
23,1,4146,49378.1
23,2,4146,49468.1
23,3,4146,49621.4
23,4,4146,49710.6
23,5,4146,49707.1
23,6,4146,49815.4
23,7,4146,49833.2
23,8,4146,49826.2
23,9,4146,49923.4
23,10,4146,49961.6
23,11,4146,50004.5
23,12,4146,50046
23,13,4146,50204.9
23,14,4146,50207.3
23,15,4146,50246.2
23,16,4146,50301.4
23,17,4146,50317.1
23,18,4146,50353.5
23,19,4146,50394.5
24,0,4518,63199.4
24,1,4518,63084.6
24,2,4518,63262.8
24,3,4518,63354.1
24,4,4518,63362.1
24,5,4518,63405
24,6,4518,63331.8
24,7,4518,63316.2
24,8,4518,63300.9
24,9,4518,63201.1
24,10,4518,63381.4
24,11,4518,63596.6
24,12,4518,64138.5
24,13,4518,65994.5
24,14,4518,63228.7
24,15,4518,63696.2
24,16,4518,63366.5
24,17,4518,64096.4
