2,0,9,3.38
2,1,9,2.89
2,2,9,2.856
2,3,9,2.868
2,4,9,3.141
2,5,9,2.79
2,6,9,3.036
2,7,9,2.904
2,8,9,3.109
2,9,9,3.098
2,10,9,3.066
2,11,9,3.101
2,12,9,3.281
2,13,9,3.083
2,14,9,3.128
2,15,9,3.179
2,16,9,3.142
2,17,9,2.892
2,18,9,3.056
2,19,9,3.04
3,0,13,4.652
3,1,13,4.642
3,2,13,4.79
3,3,13,5.106
3,4,13,4.647
3,5,13,4.897
3,6,13,4.773
3,7,13,5.118
3,8,13,4.982
3,9,13,4.503
3,10,13,4.777
3,11,13,4.581
3,12,13,4.495
3,13,13,4.48
3,14,13,4.519
3,15,13,5.06
3,16,13,4.771
3,17,13,4.508
3,18,13,4.761
3,19,13,4.791
4,0,18,7.817
4,1,18,7.587
4,2,18,7.694
4,3,18,7.338
4,4,18,7.39
4,5,18,7.623
4,6,18,7.806
4,7,18,7.669
4,8,18,7.757
4,9,18,8.582
4,10,18,7.598
4,11,18,7.725
4,12,18,7.271
4,13,18,7.634
4,14,18,7.656
4,15,18,7.29
4,16,18,7.566
4,17,18,7.415
4,18,18,7.848
4,19,18,7.355
5,0,24,11.913
5,1,24,12.388
5,2,24,11.84
5,3,24,11.963
5,4,24,12.312
5,5,24,11.853
5,6,24,12.129
5,7,24,14.141
5,8,24,11.976
5,9,24,11.916
5,10,24,12.02
5,11,24,12.006
5,12,24,12.267
5,13,24,11.919
5,14,24,12.615
5,15,24,12.615
5,16,24,12.241
5,17,24,12.611
5,18,24,12.11
5,19,24,12.785
6,0,31,19.958
6,1,31,19.177
6,2,31,19.789
6,3,31,19.578
6,4,31,19.167
6,5,31,19.242
6,6,31,19.96
6,7,31,19.075
6,8,31,19.027
6,9,31,23.606
6,10,31,19.306
6,11,31,19.738
6,12,31,19.408
6,13,31,19.643
6,14,31,19.338
6,15,31,19.534
6,16,31,19.625
6,17,31,19.424
6,18,31,19.695
6,19,31,19.862
7,0,39,30.366
7,1,39,30.749
7,2,39,30.554
7,3,39,30.437
7,4,39,30.225
7,5,39,30.948
7,6,39,31.004
7,7,39,30.486
7,8,39,30.662
7,9,39,30.9
7,10,39,30.493
7,11,39,30.717
7,12,39,30.897
7,13,39,30.251
7,14,39,30.332
7,15,39,39.366
7,16,39,30.958
7,17,39,30.618
7,18,39,30.358
7,19,39,30.614
8,0,48,46.763
8,1,48,46.348
8,2,48,46.483
8,3,48,46.217
8,4,48,46.334
8,5,48,46.441
8,6,48,46.502
8,7,48,46.901
8,8,48,46.868
8,9,48,46.482
8,10,48,46.614
8,11,48,46.708
8,12,48,46.098
8,13,48,47.18
8,14,48,46.656
8,15,48,46.695
8,16,48,46.606
8,17,48,47.055
8,18,48,46.926
8,19,48,46.609
9,0,58,68.546
9,1,58,68.732
9,2,58,68.997
9,3,58,69.589
9,4,58,69.262
9,5,58,68.909
9,6,58,68.981
9,7,58,86.542
9,8,58,68.91
9,9,58,68.528
9,10,58,68.669
9,11,58,69.089
9,12,58,69.39
9,13,58,69.094
9,14,58,68.814
9,15,58,68.89
9,16,58,68.84
9,17,58,68.761
9,18,58,69.183
9,19,58,69.169
10,0,69,100.233
10,1,69,100.086
10,2,69,100.179
10,3,69,100.212
10,4,69,99.917
10,5,69,101.645
10,6,69,100.281
10,7,69,100.663
10,8,69,101.201
10,9,69,100.54
10,10,69,100.624
10,11,69,100.842
10,12,69,100.568
10,13,69,100.861
10,14,69,101.22
10,15,69,100.91
10,16,69,101.947
10,17,69,102.441
10,18,69,102.28
10,19,69,102.468
11,0,81,145.163
11,1,81,144.402
11,2,81,144.429
11,3,81,144.944
11,4,81,145.55
11,5,81,183.645
11,6,81,144.926
11,7,81,144.766
11,8,81,144.811
11,9,81,144.868
11,10,81,144.738
11,11,81,145.803
11,12,81,145.918
11,13,81,145.377
11,14,81,144.822
11,15,81,144.988
11,16,81,144.268
11,17,81,145.509
11,18,81,144.487
11,19,81,145.013
12,0,94,201.12
12,1,94,201.589
12,2,94,201.484
12,3,94,202.552
12,4,94,202.783
12,5,94,201.526
12,6,94,201.538
12,7,94,201.607
12,8,94,202.106
12,9,94,202.188
12,10,94,202.559
12,11,94,202.762
12,12,94,202.762
12,13,94,203.06
12,14,94,203.804
12,15,94,203.973
12,16,94,203.075
12,17,94,203.915
12,18,94,203.938
12,19,94,203.897
13,0,108,278.521
13,1,108,278.541
13,2,108,279.9
13,3,108,279.066
13,4,108,280.701
13,5,108,279.536
13,6,108,280.628
13,7,108,280.448
13,8,108,282.945
13,9,108,280.623
13,10,108,359.073
13,11,108,280.96
13,12,108,280.328
13,13,108,281.074
13,14,108,279.834
13,15,108,281.768
13,16,108,280.242
13,17,108,283.002
13,18,108,280.823
13,19,108,283.002
14,0,123,376.374
14,1,123,378.329
14,2,123,378.934
14,3,123,379.884
14,4,123,381.131
14,5,123,381.57
14,6,123,382.098
14,7,123,383.394
14,8,123,383.346
14,9,123,382.74
14,10,123,382.779
14,11,123,384.477
14,12,123,384.335
14,13,123,385.06
14,14,123,383.608
14,15,123,385.367
14,16,123,385.706
14,17,123,383.775
14,18,123,385.402
14,19,123,383.845
15,0,139,513.618
15,1,139,513.886
15,2,139,514.557
15,3,139,512.677
15,4,139,513.044
15,5,139,513.619
15,6,139,516.901
15,7,139,514.092
15,8,139,516.851
15,9,139,516.383
15,10,139,516.69
15,11,139,516.545
15,12,139,515.971
15,13,139,515.99
15,14,139,516.573
15,15,139,515.357
15,16,139,516.12
15,17,139,516.705
15,18,139,515.183
15,19,139,517.6
16,0,156,678.289
16,1,156,675.787
16,2,156,686.813
16,3,156,682.491
16,4,156,861.283
16,5,156,683.698
16,6,156,686.625
16,7,156,683.908
16,8,156,682.642
16,9,156,682.891
16,10,156,685.629
16,11,156,685.66
16,12,156,705.763
16,13,156,690.598
16,14,156,682.653
16,15,156,682.188
16,16,156,682.025
16,17,156,680.652
16,18,156,677.353
16,19,156,675.899
17,0,174,891.243
17,1,174,882.798
17,2,174,885.934
17,3,174,881.414
17,4,174,885.341
17,5,174,880.464
17,6,174,881.834
17,7,174,887.368
17,8,174,882.272
17,9,174,885.328
17,10,174,885.751
17,11,174,882.524
17,12,174,879.546
17,13,174,885.798
17,14,174,882.15
17,15,174,882.84
17,16,174,883.567
17,17,174,887.73
17,18,174,881.012
17,19,174,887.898
18,0,193,1128.74
18,1,193,1136.12
18,2,193,1134.27
18,3,193,1135
18,4,193,1140.09
18,5,193,1140.91
18,6,193,1144.5
18,7,193,1147.25
18,8,193,1143.25
18,9,193,1145.46
18,10,193,1143.1
18,11,193,1138.61
18,12,193,1151.33
18,13,193,1144.13
18,14,193,1159.72
18,15,193,1173.02
18,16,193,1145.09
18,17,193,1147.19
18,18,193,1146.44
18,19,193,1135.69
19,0,213,1454.02
19,1,213,1454.26
19,2,213,1447.67
19,3,213,1455.66
19,4,213,1458.2
19,5,213,1456.44
19,6,213,1459.36
19,7,213,1463.04
19,8,213,1468.35
19,9,213,1867.03
19,10,213,1465.6
19,11,213,1472.94
19,12,213,1467.02
19,13,213,1473.63
19,14,213,1470.45
19,15,213,1472.9
19,16,213,1474.26
19,17,213,1472.03
19,18,213,1478.52
19,19,213,1469.85
20,0,234,1852.82
20,1,234,1855.71
20,2,234,1852.57
20,3,234,1887.21
20,4,234,1851.03
20,5,234,1855.89
20,6,234,1847.25
20,7,234,1850.56
20,8,234,1846.61
20,9,234,1856.06
20,10,234,1853.66
20,11,234,1853.98
20,12,234,1861.62
20,13,234,1858.06
20,14,234,1862.37
20,15,234,1857.22
20,16,234,1864.76
20,17,234,1866.2
20,18,234,1864.84
20,19,234,1869.66
21,0,256,2321.78
21,1,256,2334.81
21,2,256,2338.35
21,3,256,2342.61
21,4,256,2353.25
21,5,256,2370.91
21,6,256,2348.08
21,7,256,2340.89
21,8,256,2340.38
21,9,256,2350.5
21,10,256,2350.76
21,11,256,2347.05
21,12,256,2356.5
21,13,256,2350.19
21,14,256,2349.81
21,15,256,2355.09
21,16,256,2348.48
21,17,256,2351.28
21,18,256,2345.93
21,19,256,2337.38
22,0,279,2911.46
22,1,279,2902.11
22,2,279,2928.68
22,3,279,2907.49
22,4,279,2900.68
22,5,279,2907.74
22,6,279,2916.5
22,7,279,2915.18
22,8,279,2940.32
22,9,279,2938.99
22,10,279,2937.26
22,11,279,2933.24
22,12,279,2933.27
22,13,279,2939.9
22,14,279,2935.28
22,15,279,2939.36
22,16,279,2955.99
22,17,279,2925.79
22,18,279,2940.18
22,19,279,2939.49
23,0,303,3609.97
23,1,303,3605.24
23,2,303,3614.23
23,3,303,3622.52
23,4,303,3621.41
23,5,303,3618.98
23,6,303,4476.87
23,7,303,3640.49
23,8,303,3633.5
23,9,303,3629.79
23,10,303,3637.05
23,11,303,3629.86
23,12,303,3624.21
23,13,303,3643.08
23,14,303,3640.69
23,15,303,3640.85
23,16,303,3642.71
23,17,303,3655.02
23,18,303,3641.08
23,19,303,3647.54
24,0,328,4462.9
24,1,328,4455.05
24,2,328,4473.64
24,3,328,4462.78
24,4,328,4466.14
24,5,328,4459.05
24,6,328,4446.36
24,7,328,4449.04
24,8,328,4438.58
24,9,328,4441.3
24,10,328,4436.87
24,11,328,4432.51
24,12,328,4427.87
24,13,328,4431.38
24,14,328,4430.12
24,15,328,4430.16
24,16,328,4435.07
24,17,328,4427.79
24,18,328,4433.58
24,19,328,4429.93
25,0,354,5402.18
25,1,354,5404.91
25,2,354,5430
25,3,354,5430.77
25,4,354,5434.12
25,5,354,5426.7
25,6,354,5439.95
25,7,354,5428.7
25,8,354,5438.38
25,9,354,5424.14
25,10,354,5426.12
25,11,354,5439.56
25,12,354,5435.84
25,13,354,5425.12
25,14,354,5431.68
25,15,354,5435.77
25,16,354,5439
25,17,354,5448.19
25,18,354,5442.78
25,19,354,5433.69
26,0,381,6594.24
26,1,381,6603.41
26,2,381,6619.81
26,3,381,6635.07
26,4,381,6633.3
26,5,381,6631.72
26,6,381,6645
26,7,381,6636.44
26,8,381,6651.45
26,9,381,6650.69
26,10,381,6663.74
26,11,381,6646.94
26,12,381,6665.28
26,13,381,6660.47
26,14,381,6651.65
26,15,381,6665.13
26,16,381,6669.53
26,17,381,6658.77
26,18,381,6669.6
26,19,381,6683.81
27,0,409,8050.29
27,1,409,8070.18
27,2,409,8063.73
27,3,409,8064.25
27,4,409,8086.99
27,5,409,8086.31
27,6,409,8085.74
27,7,409,8089.34
27,8,409,8081.36
27,9,409,8106.57
27,10,409,8127.81
27,11,409,8080.99
27,12,409,8104.71
27,13,409,8093.18
27,14,409,8113.34
27,15,409,8133.28
27,16,409,8106
27,17,409,8105.41
27,18,409,8096.29
27,19,409,9856.48
28,0,438,9710.52
28,1,438,9735.82
28,2,438,9694.22
28,3,438,9714.49
28,4,438,9713.94
28,5,438,9737.31
28,6,438,9747.12
28,7,438,9754.94
28,8,438,9760.38
28,9,438,9758.68
28,10,438,9757.21
28,11,438,9780.49
28,12,438,9739.69
28,13,438,9790.92
28,14,438,9774.14
28,15,438,9804.76
28,16,438,9780.85
28,17,438,9789.15
28,18,438,9795.94
28,19,438,9764.14
29,0,468,11694.7
29,1,468,11692.4
29,2,468,11684.5
29,3,468,11674.3
29,4,468,11651.2
29,5,468,11663.3
29,6,468,11644.5
29,7,468,11593.2
29,8,468,11641.6
29,9,468,11633.3
29,10,468,11614
29,11,468,11641.4
29,12,468,11610.8
29,13,468,11597.9
29,14,468,11588.1
29,15,468,11596.1
29,16,468,11615
29,17,468,11633.4
29,18,468,11627.2
29,19,468,11623.4
30,0,499,13775.3
30,1,499,13778.2
30,2,499,13797.4
30,3,499,13844.4
30,4,499,13838
30,5,499,13807.2
30,6,499,13857
30,7,499,13860.2
30,8,499,13834.4
30,9,499,13884.6
30,10,499,13893.8
30,11,499,13917.3
30,12,499,13916
30,13,499,13913.9
30,14,499,13917.6
30,15,499,13913.3
30,16,499,13933.8
30,17,499,13932.8
30,18,499,13941.4
30,19,499,13940.8
31,0,531,16480.1
31,1,531,16517.1
31,2,531,16546.6
31,3,531,16541.1
31,4,531,16552.5
31,5,531,16532
31,6,531,16560.9
31,7,531,16559.8
31,8,531,16576
31,9,531,16582.1
31,10,531,16540.5
31,11,531,16588.3
31,12,531,16590.6
31,13,531,16580.9
31,14,531,16600.5
31,15,531,16599.6
31,16,531,16602.7
31,17,531,16611.5
31,18,531,16587.2
31,19,531,16615.7
32,0,564,19636.9
32,1,564,19610.7
32,2,564,19654.1
32,3,564,19695.8
32,4,564,19652.2
32,5,564,19693.1
32,6,564,19676.6
32,7,564,19692.3
32,8,564,19702.1
32,9,564,19697.9
32,10,564,19693.2
32,11,564,19700
32,12,564,19699
32,13,564,19697.2
32,14,564,19716.6
32,15,564,19682.6
32,16,564,19657.9
32,17,564,19656.6
32,18,564,19707.9
32,19,564,19693.5
33,0,598,23141.2
33,1,598,23162.6
33,2,598,23170.1
33,3,598,23193.8
33,4,598,23219.5
33,5,598,23185.7
33,6,598,23167.6
33,7,598,23215.6
33,8,598,23185.3
33,9,598,26612.9
33,10,598,23218.6
33,11,598,23306.2
33,12,598,23366.4
33,13,598,23363.4
33,14,598,23366
33,15,598,23461.4
33,16,598,23361.8
33,17,598,23398.1
33,18,598,23411.9
33,19,598,23378.5
34,0,633,27366
34,1,633,27309.6
34,2,633,27289
34,3,633,27371.7
34,4,633,27330.2
34,5,633,27432.6
34,6,633,27447.5
34,7,633,27446.3
34,8,633,27446
34,9,633,27477.6
34,10,633,27459.5
34,11,633,27457.7
34,12,633,27444.7
34,13,633,27488.8
34,14,633,27494.3
34,15,633,27485.9
34,16,633,27538.4
34,17,633,27511.8
34,18,633,27511.8
34,19,633,27501.6
35,0,669,31843.9
35,1,669,31933.9
35,2,669,31937.2
35,3,669,31966.8
35,4,669,31981.3
35,5,669,31922.3
35,6,669,31947.1
35,7,669,31960.4
35,8,669,31962.8
35,9,669,31969
35,10,669,31897.2
35,11,669,31997
35,12,669,32007.7
35,13,669,32034
35,14,669,32045.2
35,15,669,32046.9
35,16,669,31990.9
35,17,669,32058.6
35,18,669,32091.3
35,19,669,32089.5
36,0,706,37287.2
36,1,706,37317.6
36,2,706,37358.4
36,3,706,37377.2
36,4,706,37406.8
36,5,706,37407.8
36,6,706,37353.8
36,7,706,37432.1
36,8,706,37475.9
36,9,706,37372.6
36,10,706,37433.7
36,11,706,37466.6
36,12,706,37502.8
36,13,706,37444.3
36,14,706,37524.4
36,15,706,37429.9
36,16,706,37495.8
36,17,706,37464.2
36,18,706,38377.8
36,19,706,38102.5
37,0,744,44062.9
37,1,744,44080.9
37,2,744,44060.5
37,3,744,43918
37,4,744,43761.2
37,5,744,43779.1
37,6,744,43629.8
37,7,744,43577.3
37,8,744,44183.9
37,9,744,44065.3
37,10,744,43955.9
37,11,744,43993.4
37,12,744,43947.8
37,13,744,44781.5
37,14,744,44488.3
37,15,744,44647.9
37,16,744,44434.3
37,17,744,44690.8
37,18,744,45447.4
37,19,744,44279.8
