# rank |         avg         
#------+---------------------
    1 |  3.6000000000000000
    2 |  5.4000000000000000
    3 | 10.4000000000000000
    4 | 15.4000000000000000
    5 | 17.8000000000000000
    6 | 21.4000000000000000
    7 | 26.0000000000000000
    8 | 27.4000000000000000
    9 | 30.4000000000000000
   10 | 33.0000000000000000
   11 | 35.0000000000000000
   12 | 38.2000000000000000
   13 | 41.0000000000000000
   14 | 42.0000000000000000
   15 | 42.6000000000000000
   16 | 45.6000000000000000
   17 | 47.4000000000000000
   18 | 50.0000000000000000
   19 | 52.2000000000000000
   20 | 53.8000000000000000
   21 | 53.8000000000000000
   22 | 54.2000000000000000
   23 | 54.8000000000000000
   24 | 56.2000000000000000
   25 | 56.4000000000000000
   26 | 56.6000000000000000
   27 | 57.4000000000000000
   28 | 58.2000000000000000
   29 | 58.2000000000000000
   30 | 59.0000000000000000
   31 | 59.4000000000000000
   32 | 61.0000000000000000
   33 | 61.2000000000000000
   34 | 61.4000000000000000
   35 | 62.0000000000000000
   36 | 62.2000000000000000
   37 | 63.8000000000000000
   38 | 64.6000000000000000
   39 | 64.8000000000000000
   40 | 65.0000000000000000
   41 | 65.6000000000000000
   42 | 66.4000000000000000
   43 | 66.8000000000000000
   44 | 68.0000000000000000
   45 | 68.8000000000000000
   46 | 69.4000000000000000
   47 | 69.6000000000000000
   48 | 69.6000000000000000
   49 | 69.6000000000000000
   50 | 70.6000000000000000
   51 | 70.8000000000000000
   52 | 70.8000000000000000
   53 | 71.0000000000000000
   54 | 71.2000000000000000
   55 | 71.4000000000000000
   56 | 71.4000000000000000
   57 | 71.4000000000000000
   58 | 71.4000000000000000
   59 | 71.8000000000000000
   60 | 72.0000000000000000
   61 | 72.0000000000000000
   62 | 72.4000000000000000
   63 | 72.6000000000000000
   64 | 72.8000000000000000
   65 | 73.4000000000000000
   66 | 73.6000000000000000
   67 | 73.6000000000000000
   68 | 74.0000000000000000
   69 | 74.2000000000000000
   70 | 74.6000000000000000
   71 | 74.6000000000000000
   72 | 74.6000000000000000
   73 | 75.4000000000000000
   74 | 75.8000000000000000
   75 | 77.2000000000000000
   76 | 77.4000000000000000
   77 | 77.6000000000000000
   78 | 77.8000000000000000
   79 | 77.8000000000000000
   80 | 77.8000000000000000
   81 | 77.8000000000000000
   82 | 78.0000000000000000
   83 | 78.2000000000000000
   84 | 78.2000000000000000
   85 | 78.2000000000000000
   86 | 78.4000000000000000
   87 | 78.4000000000000000
   88 | 78.4000000000000000
   89 | 78.4000000000000000
   90 | 78.4000000000000000
   91 | 78.4000000000000000
   92 | 78.4000000000000000
   93 | 78.4000000000000000
   94 | 78.4000000000000000
   95 | 78.4000000000000000
   96 | 78.4000000000000000
   97 | 78.8000000000000000
   98 | 78.8000000000000000
   99 | 78.8000000000000000
  100 | 78.8000000000000000
  101 | 78.8000000000000000
  102 | 78.8000000000000000
  103 | 78.8000000000000000
  104 | 78.8000000000000000
  105 | 78.8000000000000000
  106 | 78.8000000000000000
  107 | 78.8000000000000000
  108 | 78.8000000000000000
  109 | 78.8000000000000000
  110 | 79.0000000000000000
  111 | 79.4000000000000000
  112 | 79.4000000000000000
  113 | 79.4000000000000000
  114 | 79.4000000000000000
  115 | 79.6000000000000000
  116 | 79.6000000000000000
  117 | 79.8000000000000000
  118 | 79.8000000000000000
  119 | 79.8000000000000000
  120 | 79.8000000000000000
  121 | 79.8000000000000000
  122 | 80.0000000000000000
  123 | 80.6000000000000000
  124 | 80.8000000000000000
  125 | 80.8000000000000000
  126 | 80.8000000000000000
  127 | 81.0000000000000000
  128 | 81.0000000000000000
  129 | 81.0000000000000000
  130 | 81.2000000000000000
  131 | 81.2000000000000000
  132 | 81.2000000000000000
  133 | 81.2000000000000000
  134 | 81.2000000000000000
  135 | 81.2000000000000000
  136 | 81.2000000000000000
  137 | 81.2000000000000000
  138 | 81.2000000000000000
  139 | 81.2000000000000000
  140 | 81.2000000000000000
  141 | 81.2000000000000000
  142 | 81.2000000000000000
  143 | 80.8000000000000000
  144 | 80.8000000000000000
  145 | 81.0000000000000000
  146 | 81.0000000000000000
  147 | 81.0000000000000000
  148 | 81.0000000000000000
  149 | 81.2000000000000000
  150 | 81.2000000000000000
  151 | 81.2000000000000000
  152 | 81.2000000000000000
  153 | 81.4000000000000000
  154 | 81.4000000000000000
  155 | 81.6000000000000000
  156 | 81.6000000000000000
  157 | 81.6000000000000000
  158 | 81.6000000000000000
  159 | 81.6000000000000000
  160 | 81.6000000000000000
  161 | 82.2000000000000000
  162 | 82.2000000000000000
  163 | 82.6000000000000000
  164 | 83.0000000000000000
  165 | 83.2000000000000000
  166 | 83.2000000000000000
  167 | 83.2000000000000000
  168 | 83.2000000000000000
  169 | 83.2000000000000000
  170 | 83.2000000000000000
  171 | 83.2000000000000000
  172 | 83.2000000000000000
  173 | 83.2000000000000000
  174 | 83.2000000000000000
  175 | 83.2000000000000000
  176 | 83.4000000000000000
  177 | 83.4000000000000000
  178 | 83.6000000000000000
  179 | 83.6000000000000000
  180 | 83.6000000000000000
  181 | 83.6000000000000000
  182 | 83.6000000000000000
  183 | 83.6000000000000000
  184 | 83.6000000000000000
  185 | 83.6000000000000000
  186 | 83.6000000000000000
  187 | 83.6000000000000000
  188 | 83.6000000000000000
  189 | 83.6000000000000000
  190 | 83.6000000000000000
  191 | 83.6000000000000000
  192 | 83.6000000000000000
  193 | 83.6000000000000000
  194 | 83.6000000000000000
  195 | 83.6000000000000000
  196 | 83.6000000000000000
  197 | 83.6000000000000000
  198 | 83.6000000000000000
  199 | 83.8000000000000000
  200 | 83.8000000000000000
  201 | 84.0000000000000000
  202 | 84.0000000000000000
  203 | 84.0000000000000000
  204 | 84.2000000000000000
  205 | 84.4000000000000000
  206 | 84.6000000000000000
  207 | 84.6000000000000000
  208 | 84.6000000000000000
  209 | 84.8000000000000000
  210 | 84.8000000000000000
  211 | 85.0000000000000000
  212 | 85.0000000000000000
  213 | 85.0000000000000000
  214 | 85.2000000000000000
  215 | 85.2000000000000000
  216 | 85.4000000000000000
  217 | 85.4000000000000000
  218 | 85.4000000000000000
  219 | 85.4000000000000000
  220 | 85.4000000000000000
  221 | 85.4000000000000000
  222 | 85.4000000000000000
  223 | 85.6000000000000000
  224 | 85.8000000000000000
  225 | 85.8000000000000000
  226 | 85.8000000000000000
  227 | 85.8000000000000000
  228 | 85.8000000000000000
  229 | 85.8000000000000000
  230 | 85.8000000000000000
  231 | 85.8000000000000000
  232 | 85.8000000000000000
  233 | 85.8000000000000000
  234 | 86.6000000000000000
  235 | 86.8000000000000000
  236 | 86.8000000000000000
  237 | 86.8000000000000000
  238 | 86.8000000000000000
  239 | 86.8000000000000000
  240 | 86.8000000000000000
  241 | 86.8000000000000000
  242 | 87.0000000000000000
  243 | 87.0000000000000000
  244 | 87.0000000000000000
  245 | 87.0000000000000000
  246 | 87.0000000000000000
  247 | 87.0000000000000000
  248 | 87.0000000000000000
  249 | 87.0000000000000000
  250 | 87.0000000000000000
  251 | 87.0000000000000000
  252 | 87.0000000000000000
  253 | 87.0000000000000000
  254 | 87.0000000000000000
  255 | 87.0000000000000000
  256 | 87.0000000000000000
  257 | 87.0000000000000000
  258 | 87.2000000000000000
  259 | 87.2000000000000000
  260 | 87.2000000000000000
  261 | 87.2000000000000000
  262 | 87.2000000000000000
  263 | 87.2000000000000000
  264 | 87.2000000000000000
  265 | 87.2000000000000000
  266 | 87.2000000000000000
  267 | 87.2000000000000000
  268 | 87.2000000000000000
  269 | 87.2000000000000000
  270 | 87.2000000000000000
  271 | 87.2000000000000000
  272 | 87.2000000000000000
  273 | 87.2000000000000000
  274 | 87.2000000000000000
  275 | 87.2000000000000000
  276 | 87.2000000000000000
  277 | 87.2000000000000000
  278 | 87.0000000000000000
  279 | 87.0000000000000000
  280 | 87.0000000000000000
  281 | 87.0000000000000000
  282 | 87.0000000000000000
  283 | 87.0000000000000000
  284 | 87.0000000000000000
  285 | 87.0000000000000000
  286 | 87.2000000000000000
  287 | 87.2000000000000000
  288 | 87.2000000000000000
  289 | 87.2000000000000000
  290 | 87.2000000000000000
  291 | 87.2000000000000000
  292 | 87.2000000000000000
  293 | 87.2000000000000000
  294 | 87.2000000000000000
  295 | 87.2000000000000000
  296 | 87.2000000000000000
  297 | 87.2000000000000000
  298 | 87.2000000000000000
  299 | 87.2000000000000000
  300 | 87.2000000000000000
#(300 rows)

