# rank |         avg         
#------+---------------------
    1 |  3.6000000000000000
    2 |  5.4000000000000000
    3 | 10.4000000000000000
    4 | 15.4000000000000000
    5 | 17.8000000000000000
    6 | 20.8000000000000000
    7 | 25.2000000000000000
    8 | 26.4000000000000000
    9 | 28.8000000000000000
   10 | 32.0000000000000000
   11 | 33.6000000000000000
   12 | 36.4000000000000000
   13 | 38.4000000000000000
   14 | 39.4000000000000000
   15 | 40.2000000000000000
   16 | 43.6000000000000000
   17 | 46.6000000000000000
   18 | 49.4000000000000000
   19 | 51.6000000000000000
   20 | 52.8000000000000000
   21 | 52.8000000000000000
   22 | 53.2000000000000000
   23 | 53.8000000000000000
   24 | 55.2000000000000000
   25 | 55.4000000000000000
   26 | 55.6000000000000000
   27 | 56.0000000000000000
   28 | 56.8000000000000000
   29 | 56.8000000000000000
   30 | 57.6000000000000000
   31 | 57.8000000000000000
   32 | 59.4000000000000000
   33 | 59.6000000000000000
   34 | 59.8000000000000000
   35 | 60.6000000000000000
   36 | 60.8000000000000000
   37 | 62.4000000000000000
   38 | 63.2000000000000000
   39 | 63.6000000000000000
   40 | 63.8000000000000000
   41 | 64.4000000000000000
   42 | 65.2000000000000000
   43 | 65.4000000000000000
   44 | 66.6000000000000000
   45 | 67.2000000000000000
   46 | 67.8000000000000000
   47 | 68.0000000000000000
   48 | 68.0000000000000000
   49 | 68.0000000000000000
   50 | 69.2000000000000000
   51 | 69.2000000000000000
   52 | 69.2000000000000000
   53 | 69.4000000000000000
   54 | 69.6000000000000000
   55 | 69.8000000000000000
   56 | 69.8000000000000000
   57 | 69.8000000000000000
   58 | 69.8000000000000000
   59 | 70.2000000000000000
   60 | 70.4000000000000000
   61 | 70.4000000000000000
   62 | 71.0000000000000000
   63 | 71.2000000000000000
   64 | 71.4000000000000000
   65 | 72.0000000000000000
   66 | 72.2000000000000000
   67 | 72.2000000000000000
   68 | 72.6000000000000000
   69 | 72.8000000000000000
   70 | 73.2000000000000000
   71 | 73.2000000000000000
   72 | 73.2000000000000000
   73 | 73.8000000000000000
   74 | 74.2000000000000000
   75 | 75.6000000000000000
   76 | 75.8000000000000000
   77 | 76.0000000000000000
   78 | 76.2000000000000000
   79 | 76.2000000000000000
   80 | 76.4000000000000000
   81 | 76.4000000000000000
   82 | 76.4000000000000000
   83 | 76.4000000000000000
   84 | 76.4000000000000000
   85 | 76.4000000000000000
   86 | 76.6000000000000000
   87 | 76.6000000000000000
   88 | 76.6000000000000000
   89 | 76.6000000000000000
   90 | 76.6000000000000000
   91 | 76.6000000000000000
   92 | 76.6000000000000000
   93 | 76.6000000000000000
   94 | 76.6000000000000000
   95 | 76.6000000000000000
   96 | 76.6000000000000000
   97 | 77.0000000000000000
   98 | 77.0000000000000000
   99 | 77.0000000000000000
  100 | 77.0000000000000000
  101 | 77.0000000000000000
  102 | 77.0000000000000000
  103 | 77.0000000000000000
  104 | 77.0000000000000000
  105 | 77.0000000000000000
  106 | 77.0000000000000000
  107 | 77.0000000000000000
  108 | 77.0000000000000000
  109 | 77.0000000000000000
  110 | 77.2000000000000000
  111 | 77.6000000000000000
  112 | 77.6000000000000000
  113 | 77.6000000000000000
  114 | 77.6000000000000000
  115 | 77.8000000000000000
  116 | 77.8000000000000000
  117 | 77.8000000000000000
  118 | 77.6000000000000000
  119 | 77.6000000000000000
  120 | 77.6000000000000000
  121 | 77.6000000000000000
  122 | 77.8000000000000000
  123 | 78.2000000000000000
  124 | 78.4000000000000000
  125 | 78.4000000000000000
  126 | 78.4000000000000000
  127 | 78.6000000000000000
  128 | 78.6000000000000000
  129 | 78.6000000000000000
  130 | 78.6000000000000000
  131 | 78.6000000000000000
  132 | 78.6000000000000000
  133 | 78.6000000000000000
  134 | 78.6000000000000000
  135 | 78.6000000000000000
  136 | 78.6000000000000000
  137 | 78.6000000000000000
  138 | 78.6000000000000000
  139 | 78.6000000000000000
  140 | 78.6000000000000000
  141 | 78.6000000000000000
  142 | 78.6000000000000000
  143 | 78.6000000000000000
  144 | 78.6000000000000000
  145 | 78.8000000000000000
  146 | 78.8000000000000000
  147 | 78.8000000000000000
  148 | 78.8000000000000000
  149 | 79.0000000000000000
  150 | 79.2000000000000000
  151 | 79.2000000000000000
  152 | 79.2000000000000000
  153 | 79.4000000000000000
  154 | 79.4000000000000000
  155 | 79.6000000000000000
  156 | 79.6000000000000000
  157 | 79.6000000000000000
  158 | 79.6000000000000000
  159 | 79.6000000000000000
  160 | 79.6000000000000000
  161 | 80.2000000000000000
  162 | 80.2000000000000000
  163 | 80.6000000000000000
  164 | 80.8000000000000000
  165 | 81.0000000000000000
  166 | 81.0000000000000000
  167 | 81.0000000000000000
  168 | 81.0000000000000000
  169 | 81.0000000000000000
  170 | 81.0000000000000000
  171 | 81.0000000000000000
  172 | 81.0000000000000000
  173 | 81.0000000000000000
  174 | 81.0000000000000000
  175 | 81.0000000000000000
  176 | 81.2000000000000000
  177 | 81.6000000000000000
  178 | 81.8000000000000000
  179 | 81.8000000000000000
  180 | 81.8000000000000000
  181 | 81.8000000000000000
  182 | 81.8000000000000000
  183 | 81.8000000000000000
  184 | 81.8000000000000000
  185 | 81.8000000000000000
  186 | 81.8000000000000000
  187 | 81.8000000000000000
  188 | 82.0000000000000000
  189 | 82.0000000000000000
  190 | 82.0000000000000000
  191 | 82.0000000000000000
  192 | 82.0000000000000000
  193 | 82.0000000000000000
  194 | 82.0000000000000000
  195 | 82.2000000000000000
  196 | 82.2000000000000000
  197 | 82.2000000000000000
  198 | 82.2000000000000000
  199 | 82.4000000000000000
  200 | 82.4000000000000000
  201 | 82.6000000000000000
  202 | 82.6000000000000000
  203 | 82.6000000000000000
  204 | 82.8000000000000000
  205 | 83.0000000000000000
  206 | 83.2000000000000000
  207 | 83.2000000000000000
  208 | 83.2000000000000000
  209 | 83.4000000000000000
  210 | 83.4000000000000000
  211 | 83.6000000000000000
  212 | 83.6000000000000000
  213 | 83.6000000000000000
  214 | 83.8000000000000000
  215 | 83.8000000000000000
  216 | 83.8000000000000000
  217 | 83.8000000000000000
  218 | 83.8000000000000000
  219 | 83.8000000000000000
  220 | 83.8000000000000000
  221 | 83.8000000000000000
  222 | 83.8000000000000000
  223 | 84.0000000000000000
  224 | 84.2000000000000000
  225 | 84.2000000000000000
  226 | 84.2000000000000000
  227 | 84.2000000000000000
  228 | 84.2000000000000000
  229 | 84.2000000000000000
  230 | 84.2000000000000000
  231 | 84.2000000000000000
  232 | 84.2000000000000000
  233 | 84.2000000000000000
  234 | 85.0000000000000000
  235 | 85.2000000000000000
  236 | 85.2000000000000000
  237 | 85.2000000000000000
  238 | 85.2000000000000000
  239 | 85.2000000000000000
  240 | 85.2000000000000000
  241 | 85.2000000000000000
  242 | 85.2000000000000000
  243 | 85.2000000000000000
  244 | 85.2000000000000000
  245 | 85.2000000000000000
  246 | 85.2000000000000000
  247 | 85.2000000000000000
  248 | 85.2000000000000000
  249 | 85.2000000000000000
  250 | 85.2000000000000000
  251 | 85.2000000000000000
  252 | 85.2000000000000000
  253 | 85.2000000000000000
  254 | 85.2000000000000000
  255 | 85.2000000000000000
  256 | 85.2000000000000000
  257 | 85.2000000000000000
  258 | 85.4000000000000000
  259 | 85.4000000000000000
  260 | 85.4000000000000000
  261 | 85.4000000000000000
  262 | 85.4000000000000000
  263 | 85.4000000000000000
  264 | 85.4000000000000000
  265 | 85.4000000000000000
  266 | 85.4000000000000000
  267 | 85.4000000000000000
  268 | 85.4000000000000000
  269 | 85.4000000000000000
  270 | 85.4000000000000000
  271 | 85.4000000000000000
  272 | 85.4000000000000000
  273 | 85.4000000000000000
  274 | 85.4000000000000000
  275 | 85.4000000000000000
  276 | 85.4000000000000000
  277 | 85.4000000000000000
  278 | 85.4000000000000000
  279 | 85.4000000000000000
  280 | 85.4000000000000000
  281 | 85.4000000000000000
  282 | 85.4000000000000000
  283 | 85.4000000000000000
  284 | 85.4000000000000000
  285 | 85.4000000000000000
  286 | 85.6000000000000000
  287 | 85.6000000000000000
  288 | 85.6000000000000000
  289 | 85.6000000000000000
  290 | 85.6000000000000000
  291 | 85.6000000000000000
  292 | 85.6000000000000000
  293 | 85.6000000000000000
  294 | 85.6000000000000000
  295 | 85.6000000000000000
  296 | 85.6000000000000000
  297 | 85.6000000000000000
  298 | 85.6000000000000000
  299 | 85.6000000000000000
  300 | 85.6000000000000000
#(300 rows)

